80 80
1 62 73 35 61 62 32 61 71 40 7 63 54 42 31 32 47 70 78 68 32 24 41 37 1 48 34 44 24 12 62 26 44 17 27 60 54 43 34 11 74 72 78 46 70 63 59 24 60 22 24 55 35 68 39 41 41 76 20 70 58 24 68 29 5 14 53 42 66 17 22 36 50 6 8 27 50 39 25 52
16 73 80 3 25 59 72 68 41 58 4 57 55 3 42 25 69 21 60 15 56 16 75 11 41 30 67 5 68 60 42 63 44 12 76 56 24 52 74 70 11 3 12 12 18 41 79 12 30 0 65 47 60 13 35 79 20 63 74 7 80 62 11 21 16 71 8 53 68 29 14 36 16 41 79 29 77 34 13 50
2 5 2 71 51 22 14 17 68 2 51 33 21 37 40 52 74 20 41 75 7 33 43 17 15 80 22 45 60 11 3 14 14 69 42 18 48 3 27 75 20 36 28 5 61 0 36 71 60 61 30 22 76 33 80 72 10 38 58 16 55 41 53 63 58 53 2 59 42 71 52 52 25 12 69 78 67 62 66 77
38 0 42 61 80 18 16 13 42 25 31 59 49 28 71 58 19 21 16 62 30 27 78 45 60 13 37 53 54 30 42 78 63 12 60 61 1 68 16 32 77 40 62 48 79 0 60 66 70 41 10 43 12 72 47 65 35 58 76 60 42 10 48 5 24 26 79 36 10 57 24 77 49 0 29 17 63 60 1 57
29 25 22 49 45 77 30 48 24 27 18 26 32 24 35 27 64 65 79 80 78 69 55 50 36 7 60 37 4 36 20 38 22 5 70 16 10 71 79 39 23 63 33 29 52 11 15 63 3 23 69 10 22 7 30 65 1 52 25 64 59 19 54 61 22 13 0 46 23 67 60 45 14 18 59 60 28 22 36 1
21 49 35 5 61 37 60 2 59 79 16 51 6 9 16 34 64 50 45 29 62 18 48 76 42 0 19 48 39 78 52 79 49 22 69 42 4 57 34 29 10 52 46 20 41 27 63 52 68 8 67 30 17 21 39 3 22 44 1 13 14 39 63 12 58 59 18 4 50 77 8 20 79 12 80 33 25 54 25 76
62 30 20 22 75 58 22 80 47 4 10 25 23 14 19 35 61 41 61 4 61 61 26 35 66 67 39 26 54 55 2 57 41 40 15 25 22 64 6 4 51 38 62 36 65 79 17 6 71 29 32 25 3 47 2 15 69 44 47 7 24 13 13 46 7 48 35 70 70 12 54 69 16 3 26 16 72 31 62 69
3 37 74 51 69 61 4 71 46 16 74 20 54 26 24 59 44 67 47 0 19 58 3 13 61 48 18 31 21 27 55 10 60 23 60 23 29 58 61 38 52 6 32 17 65 60 51 76 45 5 78 34 67 9 66 50 52 72 35 69 73 6 41 75 67 37 17 17 19 23 65 18 80 78 27 12 39 5 62 9
63 74 50 37 34 72 24 39 65 48 66 22 47 68 23 66 19 69 50 70 28 48 31 69 76 55 42 56 45 30 75 68 8 65 6 39 5 68 76 19 48 54 76 25 63 22 73 15 65 32 9 22 67 48 2 0 73 54 67 17 5 62 70 62 28 8 20 45 76 48 62 46 53 15 56 64 5 17 26 32
18 19 43 77 23 5 77 30 5 52 55 19 67 62 7 28 38 47 64 37 11 61 21 50 6 24 62 25 18 7 75 78 11 4 52 72 56 56 44 30 28 73 48 75 47 36 1 36 20 60 41 28 21 3 14 9 26 30 2 75 59 31 51 38 10 62 7 16 47 70 53 72 6 1 49 22 0 23 53 57
43 17 11 52 15 38 0 56 44 60 39 19 5 8 59 4 34 33 67 3 35 39 38 59 26 11 30 51 56 10 66 74 75 8 68 26 1 43 79 67 30 76 14 71 55 36 56 7 52 31 59 5 36 28 34 9 11 50 48 70 6 76 15 78 80 6 4 0 47 0 68 41 46 44 75 75 10 29 10 44
79 73 51 24 43 64 73 35 22 68 57 72 38 46 47 63 4 61 33 64 21 20 12 27 67 28 69 75 11 54 16 58 68 39 20 10 65 2 2 28 25 10 59 59 28 2 31 67 28 9 36 12 63 35 24 2 80 58 39 11 14 58 44 4 26 20 10 7 44 31 34 5 36 43 2 47 68 48 26 70
9 20 21 29 18 4 59 50 10 3 56 46 71 31 45 56 51 70 15 24 6 64 59 29 30 69 14 42 26 9 72 23 21 79 2 67 28 56 14 16 40 41 30 43 35 40 4 75 31 74 38 42 54 0 50 50 70 43 54 44 59 32 13 2 55 60 33 70 8 18 74 13 43 2 51 3 69 71 12 57
50 7 52 35 19 65 14 58 64 66 33 23 1 79 20 4 52 34 61 56 43 46 32 65 1 40 52 59 29 68 57 20 25 3 51 21 37 54 66 52 27 22 3 8 5 64 44 19 20 46 62 51 25 17 8 40 58 79 42 21 14 46 21 29 28 43 49 13 26 77 36 47 39 17 4 76 26 53 74 15
14 32 17 35 70 49 2 37 68 47 61 50 60 5 11 57 75 45 32 69 22 55 39 42 70 41 23 5 50 72 49 79 48 61 33 37 74 74 65 58 16 78 32 79 11 62 9 61 52 46 29 78 69 55 77 59 62 44 9 77 71 27 31 23 34 46 41 72 30 48 19 60 31 54 8 71 49 44 58 66
14 76 68 76 13 20 0 56 0 62 29 32 24 38 70 32 75 50 25 71 21 75 64 10 67 23 59 63 77 16 12 16 5 68 72 34 34 37 80 34 75 1 13 9 55 12 40 27 30 66 0 28 73 27 39 48 37 7 67 57 24 7 56 34 34 11 56 3 26 52 80 9 4 34 0 80 43 31 43 32
71 78 47 21 7 56 9 23 77 40 41 24 70 46 8 33 80 79 59 64 66 20 78 14 4 73 53 52 48 38 49 49 9 41 71 80 76 44 74 53 45 41 15 49 56 64 8 0 25 25 29 56 36 66 77 75 79 64 22 67 25 4 75 0 51 46 80 24 72 11 50 33 76 79 69 46 8 50 31 16
58 21 64 26 24 64 29 54 54 42 51 16 45 1 7 56 14 50 74 74 55 23 58 26 0 56 4 11 2 66 32 28 28 70 37 48 25 25 0 47 32 12 20 78 62 26 63 4 9 67 38 55 17 3 17 45 80 28 75 24 42 75 6 27 24 35 54 62 26 51 26 30 78 59 47 7 69 56 0 46
2 3 72 3 75 31 68 63 40 46 29 10 55 52 78 76 5 70 75 36 8 65 72 49 72 48 79 16 25 68 40 27 75 51 32 62 20 37 62 13 54 12 65 62 49 9 38 12 3 39 57 48 13 45 31 7 73 13 75 30 4 66 67 61 8 6 17 38 52 70 23 69 53 51 59 48 4 63 69 0
53 76 60 19 56 5 36 11 58 6 19 9 8 2 6 27 50 80 67 71 26 8 3 46 3 5 9 0 31 41 42 67 34 30 13 34 48 0 69 57 35 61 19 0 45 1 28 53 54 24 23 43 32 66 13 48 54 14 51 67 42 75 25 76 35 52 77 2 49 15 57 27 61 57 60 31 18 74 54 36
27 9 11 28 78 55 61 0 64 2 2 76 26 4 41 20 70 17 34 65 31 0 61 54 70 1 48 71 5 7 26 15 80 9 71 68 11 39 44 19 52 75 13 56 67 54 13 30 59 5 61 64 44 56 6 63 52 11 21 9 39 75 45 77 28 19 2 71 3 26 39 23 57 18 30 72 41 13 11 31
26 58 16 45 31 79 0 34 25 11 41 52 12 77 45 48 32 57 37 28 22 21 5 33 77 72 71 33 5 68 23 35 12 49 66 74 10 56 60 32 65 79 21 24 78 52 78 58 38 43 53 35 29 45 55 12 33 30 79 15 55 73 46 62 14 4 12 63 10 33 64 2 39 71 50 35 55 63 12 77
76 4 8 7 18 42 6 67 32 8 39 75 52 56 61 55 34 53 40 15 1 41 58 4 67 30 5 46 46 76 55 43 44 13 65 3 46 43 46 52 32 52 49 53 27 65 38 75 53 4 8 10 59 3 54 33 7 68 22 75 63 69 70 48 43 55 71 58 54 4 0 72 54 33 35 79 53 76 45 61
80 23 54 40 2 72 70 75 63 19 7 54 34 60 68 78 64 75 80 33 74 10 50 64 71 35 53 59 32 56 72 9 79 40 73 27 28 21 79 32 78 73 77 34 31 58 44 5 3 78 61 26 59 31 43 36 23 1 39 61 77 59 76 4 17 52 51 1 57 25 27 72 61 29 13 24 42 55 4 34
72 50 12 23 35 1 60 79 24 71 23 19 2 68 22 64 20 65 62 55 22 59 67 57 48 75 76 3 72 16 75 65 80 70 22 46 52 5 69 5 66 5 66 34 52 67 11 55 22 54 51 3 57 60 80 18 57 76 80 28 66 6 43 67 19 61 16 25 29 28 73 73 78 21 33 43 30 3 39 60
51 6 79 36 66 59 37 55 53 75 71 48 74 77 23 41 56 18 26 23 80 39 57 4 46 18 75 27 1 80 18 77 0 48 31 41 24 1 25 66 37 11 63 74 67 69 72 47 36 62 11 52 18 16 53 67 51 51 12 32 62 8 69 36 23 11 3 42 70 30 70 37 3 53 17 77 9 20 70 17
48 50 15 2 31 47 32 69 26 39 25 67 68 6 13 12 24 56 48 32 54 31 5 76 42 36 18 45 7 77 78 30 9 26 80 11 61 13 78 68 75 15 5 76 4 3 24 26 11 47 59 21 3 8 1 15 50 17 42 72 40 12 9 19 19 20 41 38 65 70 68 9 30 42 65 26 43 19 11 77
46 42 80 75 44 1 3 35 71 21 61 20 32 35 62 79 80 56 61 52 34 59 19 74 44 45 71 53 29 64 37 23 30 29 64 24 64 6 66 79 66 49 4 14 46 62 64 29 33 17 75 55 30 20 28 2 74 48 1 18 37 69 13 69 13 49 77 78 30 21 14 22 47 27 8 56 42 13 14 30
64 78 26 33 2 37 4 47 10 0 50 51 4 12 45 49 63 76 33 23 15 52 68 60 67 11 44 40 3 56 49 55 14 39 41 4 26 30 28 38 78 76 42 68 12 7 33 30 76 62 47 57 50 32 37 35 3 47 11 13 55 27 58 57 55 16 46 12 13 74 63 26 79 28 43 73 27 50 31 12
25 58 3 20 48 48 20 35 46 5 39 67 34 32 38 18 43 60 37 61 36 65 57 49 66 1 46 67 52 73 54 23 60 5 39 78 39 28 28 64 13 34 26 24 23 11 18 31 14 29 75 50 54 11 23 39 56 21 21 73 13 66 39 41 18 73 35 79 79 20 11 22 35 36 74 28 51 57 58 76
6 56 26 57 56 40 66 14 61 66 57 2 53 77 49 70 14 60 50 76 24 73 25 0 10 54 73 60 23 70 39 2 47 63 6 32 12 59 9 50 9 59 11 17 21 3 13 57 37 10 58 30 47 12 7 38 33 30 9 68 51 78 45 7 55 34 60 78 1 72 53 24 11 61 22 71 10 55 13 76
11 26 35 57 31 34 44 52 51 13 72 19 68 15 29 77 73 16 66 50 11 69 78 3 50 45 9 2 3 52 19 19 17 40 35 18 42 47 55 62 39 12 10 64 45 76 0 38 73 26 20 53 31 25 42 33 23 55 52 20 79 27 16 28 75 80 33 15 17 23 56 55 37 44 77 55 1 73 55 5
50 40 54 42 35 18 77 22 79 9 19 72 73 37 50 74 30 73 67 64 62 80 43 19 65 63 75 42 12 34 12 32 79 19 53 73 55 6 33 49 53 6 2 25 13 10 55 7 72 2 74 78 69 18 45 73 11 29 73 57 40 44 62 79 59 72 58 75 19 42 30 20 42 15 46 24 67 26 51 68
69 63 41 80 76 72 79 66 12 68 70 2 16 1 6 17 68 34 77 50 55 37 9 33 49 47 52 71 7 2 35 51 64 69 17 6 63 28 63 6 71 46 75 0 26 58 77 24 68 3 64 42 50 64 57 29 71 56 2 48 60 42 43 70 46 66 54 59 38 77 25 74 39 73 19 39 9 15 65 23
26 33 58 60 64 0 27 12 66 75 60 79 80 78 31 35 66 44 33 45 40 11 39 58 42 53 6 58 39 47 9 55 58 9 17 62 60 60 78 69 73 1 34 60 44 6 19 53 48 68 44 53 78 15 65 6 69 76 72 15 14 54 9 45 48 44 78 8 14 30 60 42 60 36 79 1 12 6 6 8
29 25 10 61 51 31 21 35 26 10 17 1 25 18 36 2 33 36 36 32 65 19 7 51 52 38 69 12 73 31 5 65 45 72 71 39 71 60 23 42 61 46 3 30 63 17 36 65 2 40 7 51 30 21 4 64 76 21 51 63 47 50 30 50 73 3 32 3 54 26 75 71 76 2 72 14 9 22 10 79
44 53 3 51 10 12 72 43 37 66 34 36 12 65 12 55 12 5 3 36 75 1 39 0 57 60 42 43 9 19 31 23 58 56 19 73 18 1 32 0 34 43 79 17 27 6 24 76 7 55 4 75 76 13 44 53 6 0 37 5 54 0 21 58 29 59 5 44 18 63 49 14 32 55 54 1 24 53 59 41
57 21 61 52 76 65 16 60 7 18 70 59 26 4 62 52 0 26 74 76 59 13 32 27 33 2 74 35 27 45 67 54 35 7 8 45 44 33 34 61 18 32 67 72 62 20 79 0 79 67 9 23 30 16 55 2 77 26 52 77 26 63 16 33 41 44 24 15 4 21 18 53 42 35 17 63 16 41 42 46
66 64 20 73 44 10 10 45 33 37 26 14 43 35 71 54 2 8 30 78 48 4 46 12 63 63 35 59 18 59 70 27 59 0 70 78 39 11 79 52 14 37 72 16 33 62 54 52 59 70 45 4 43 47 1 19 33 75 31 53 58 43 67 59 28 32 56 63 62 25 78 1 74 62 76 1 51 71 79 22
55 59 41 35 59 34 22 27 4 2 24 50 50 16 36 65 18 68 32 42 77 70 21 36 38 3 10 47 39 4 55 2 57 67 73 66 38 27 8 16 29 5 28 49 42 77 68 29 34 52 77 79 13 34 8 27 23 5 47 31 77 9 39 22 56 30 23 72 53 20 46 62 33 10 31 75 21 46 20 43
23 12 36 18 50 60 78 31 45 38 55 6 68 34 27 59 7 0 32 50 69 43 55 7 55 77 70 68 13 54 73 49 14 54 73 17 16 41 33 4 40 31 36 5 5 6 18 61 66 48 32 49 51 43 77 80 32 7 55 67 59 32 51 33 49 13 50 64 6 54 30 26 30 60 52 22 78 64 21 49
42 19 12 77 75 4 73 46 63 31 29 79 71 19 74 60 46 36 77 45 36 9 36 77 61 35 10 25 43 22 42 25 42 19 11 52 63 5 7 54 72 69 22 72 43 1 19 32 15 13 36 29 38 62 77 67 14 41 47 18 23 48 42 75 47 18 22 25 2 58 72 53 25 72 7 74 19 0 21 44
78 4 45 17 31 42 51 10 50 10 30 51 18 58 76 55 63 29 6 2 18 7 13 18 17 43 75 11 75 52 66 19 32 59 60 21 28 69 19 22 71 44 25 62 46 73 77 16 56 35 0 78 60 47 65 57 36 16 16 37 60 32 78 53 36 63 34 24 38 51 7 6 44 70 80 19 80 68 67 64
69 30 21 72 56 56 50 70 21 36 22 7 20 28 80 1 14 80 33 71 51 68 47 51 74 55 77 44 24 34 72 68 9 67 34 11 54 32 41 6 18 43 13 35 62 68 56 18 22 68 78 8 47 18 52 13 80 59 48 62 25 0 24 59 14 51 10 44 6 61 60 51 38 37 58 65 17 61 26 22
69 54 35 43 20 16 19 80 8 70 2 40 39 24 66 49 20 53 77 19 61 10 30 51 78 49 41 64 54 49 3 28 16 40 9 60 18 34 10 7 64 5 6 48 25 20 58 8 48 60 54 39 43 74 48 78 39 37 53 43 55 48 19 70 15 80 37 10 2 42 55 50 47 3 15 55 31 28 40 5
67 67 16 34 51 9 80 73 33 49 43 21 20 40 52 70 51 10 37 22 51 5 16 68 5 77 39 2 56 45 15 22 48 32 75 73 20 49 78 61 69 54 4 40 4 56 18 64 19 72 33 29 51 34 48 13 40 41 74 33 13 12 7 73 57 63 80 59 52 76 56 36 20 25 28 29 4 73 53 8
70 58 2 16 61 55 4 19 29 0 0 63 15 5 52 33 64 67 33 18 0 62 38 62 1 68 80 76 30 60 1 53 71 75 20 17 66 11 0 9 51 71 39 3 46 13 46 24 44 23 40 45 68 17 22 56 62 22 19 40 43 64 49 48 18 12 44 56 76 45 60 7 45 68 14 79 60 5 19 18
71 6 16 32 65 78 45 10 1 68 63 29 68 37 50 65 63 51 75 44 45 20 48 65 59 24 65 71 3 45 75 44 38 43 16 59 41 41 8 23 41 23 10 6 12 31 3 5 77 38 1 16 19 55 69 13 32 2 10 45 62 8 16 0 47 66 31 63 14 30 24 65 70 56 80 66 55 56 22 35
60 53 17 8 6 75 42 51 69 2 13 6 38 1 51 12 69 65 3 62 17 16 78 42 4 62 47 56 54 30 22 24 30 60 27 39 42 1 60 23 71 4 5 8 64 17 48 53 13 9 14 54 2 11 26 28 60 34 16 60 24 34 57 20 47 18 34 28 29 50 54 57 67 23 20 10 5 4 7 16
19 54 43 1 13 25 44 65 71 74 1 35 47 41 5 46 71 29 76 3 10 45 37 29 14 43 23 50 73 56 34 68 27 75 55 1 52 39 35 56 16 31 55 42 75 51 52 75 8 37 46 6 7 28 5 79 20 48 51 31 13 63 40 21 66 38 71 73 51 31 22 74 6 44 38 16 56 72 72 11
6 78 4 13 4 15 49 60 53 42 24 69 63 19 47 11 62 5 73 56 71 49 14 1 56 32 29 17 66 50 77 67 16 64 25 28 43 65 43 68 16 57 69 7 6 32 70 8 67 42 29 51 49 52 1 24 1 54 37 32 39 17 80 19 27 23 42 78 2 12 59 75 63 16 10 32 45 30 62 32
52 20 27 4 71 61 72 64 5 41 46 12 45 14 70 38 49 2 58 14 73 55 24 4 17 37 57 70 18 76 9 5 71 16 46 33 1 73 27 27 41 9 17 27 45 30 2 54 33 22 65 18 30 54 18 71 13 40 3 12 17 10 26 39 39 79 68 70 41 59 14 3 57 63 42 57 3 5 42 34
79 64 43 71 52 47 70 4 76 52 75 62 51 58 56 62 31 27 56 56 6 1 48 2 23 25 70 51 69 41 36 46 46 7 24 3 46 7 22 79 17 61 65 46 10 48 35 3 27 47 1 63 60 65 12 2 11 22 46 17 4 22 22 44 69 13 58 14 36 22 13 35 29 35 53 73 60 59 51 45
16 64 18 49 24 11 48 30 67 57 59 52 19 36 31 25 37 5 63 41 13 48 68 16 53 11 37 7 18 52 48 20 71 4 3 33 39 49 3 73 10 51 25 33 39 80 70 5 78 39 3 22 10 63 45 5 1 29 61 72 1 1 47 46 72 67 2 37 42 35 67 23 42 8 70 0 35 23 41 42
5 34 62 58 13 15 47 7 27 14 40 73 69 42 74 44 57 0 26 22 35 31 63 75 11 53 15 27 69 36 63 2 24 20 43 53 54 73 33 7 11 0 28 76 70 58 13 41 25 6 16 69 49 19 4 18 14 0 29 75 61 54 55 63 41 77 26 5 43 46 62 31 17 2 9 72 51 20 2 20
44 11 47 33 79 48 36 7 40 8 38 33 57 46 74 66 73 28 16 60 42 23 18 42 29 0 26 69 69 72 61 28 22 34 58 8 34 58 60 37 80 30 3 9 42 79 46 18 11 41 26 79 43 69 52 53 25 32 76 53 34 69 71 69 28 60 28 65 46 44 1 39 2 61 27 49 74 22 0 10
14 46 14 27 70 66 31 74 47 34 2 30 56 7 61 20 21 8 27 72 67 59 28 17 47 2 67 22 49 68 14 49 44 9 3 58 35 56 46 7 34 22 21 5 72 17 50 2 72 50 69 21 0 77 20 18 38 51 21 9 64 8 2 51 54 69 43 30 74 70 78 19 53 32 21 74 5 51 71 29
29 49 68 49 28 57 2 36 71 18 39 44 51 3 75 73 77 47 67 41 19 56 50 39 27 7 55 76 5 17 37 52 17 25 58 48 8 17 62 67 66 77 35 65 46 80 62 79 28 19 2 11 71 10 14 48 44 35 28 65 40 6 60 5 14 1 63 32 64 52 47 25 80 51 78 25 57 2 34 46
35 26 56 61 60 16 51 79 36 60 29 29 73 34 80 72 7 34 69 51 35 17 30 63 56 61 19 47 52 79 18 12 70 17 69 50 18 31 46 72 24 31 32 22 8 26 39 0 61 70 44 66 48 58 17 8 71 18 25 68 72 78 45 55 19 63 8 2 10 12 39 25 9 65 42 38 35 2 12 37
60 15 42 70 72 59 75 38 29 28 22 7 53 33 61 35 77 20 43 9 17 40 58 28 78 65 48 28 51 64 35 26 18 34 3 46 3 65 62 13 50 47 3 54 30 52 24 34 68 66 46 74 50 50 28 16 29 56 79 36 2 53 34 70 77 38 19 1 6 51 20 8 35 68 75 2 77 59 38 22
52 22 22 65 13 0 43 37 12 34 1 70 64 39 12 13 33 57 47 42 3 67 65 36 3 15 13 41 34 17 48 14 29 6 21 28 26 51 12 58 38 32 50 27 19 4 47 16 5 71 26 54 8 77 69 70 23 25 2 30 0 30 75 67 54 13 9 65 53 10 80 46 41 47 31 30 5 34 51 47
70 20 49 71 44 36 67 36 48 48 56 22 61 26 25 20 74 63 72 1 76 75 70 48 47 41 51 52 72 73 16 35 55 53 23 13 25 70 1 78 45 75 32 65 17 74 48 47 27 58 29 11 14 13 65 37 53 30 76 29 50 30 63 52 25 68 77 64 58 64 72 55 54 65 59 36 78 10 24 53
24 80 36 62 49 52 50 24 26 57 6 59 32 23 71 66 25 0 45 45 19 67 80 46 46 5 50 19 74 80 0 49 3 77 21 30 50 39 57 26 56 59 44 9 70 10 29 33 79 74 77 39 57 57 27 6 40 45 52 16 69 66 40 47 18 10 60 16 39 33 20 10 46 13 37 77 16 49 69 45
42 27 66 34 53 64 32 13 52 56 72 44 34 64 12 21 50 46 75 34 78 64 78 43 44 3 78 22 63 47 11 33 71 9 19 26 15 42 55 13 23 33 50 39 32 9 16 33 48 73 48 47 31 33 21 73 47 1 54 6 10 4 41 56 36 76 27 14 68 35 3 62 74 47 51 65 52 17 38 60
5 14 25 61 25 65 68 65 31 55 30 17 11 14 57 31 23 56 4 4 17 7 48 12 28 41 20 24 61 39 75 78 47 13 36 71 50 75 20 72 79 9 62 77 36 21 29 47 2 37 25 24 71 58 67 1 58 34 61 21 53 59 21 3 24 3 73 75 79 69 3 74 27 25 75 40 54 71 61 61
44 10 38 65 48 29 74 39 73 45 30 72 29 37 3 9 54 13 11 51 73 0 22 60 66 37 64 23 46 80 60 27 19 35 34 48 33 48 43 67 68 61 64 26 68 4 27 62 35 55 12 3 3 43 43 37 26 43 32 46 63 32 79 73 39 80 37 40 65 41 79 5 34 0 66 7 53 71 43 30
53 27 77 46 68 31 55 9 58 11 42 46 39 53 7 29 30 16 31 66 9 26 52 57 13 24 68 6 55 25 32 48 31 24 17 41 9 15 41 78 21 80 45 52 58 1 74 71 47 79 28 42 59 62 11 52 21 72 63 45 30 76 37 15 22 71 72 49 10 61 23 52 10 16 1 34 49 53 43 62
40 41 55 56 32 63 19 40 41 45 27 46 61 44 11 45 13 12 4 3 59 15 48 15 21 10 75 0 47 24 28 30 11 39 22 64 16 65 42 45 34 20 69 25 31 31 50 4 5 15 49 67 44 49 47 7 2 57 28 41 63 3 11 50 54 49 43 17 73 48 19 46 38 41 7 25 37 53 49 74
60 50 53 18 39 36 66 32 68 67 69 19 38 33 58 31 29 62 73 72 72 55 69 16 78 66 4 63 24 6 65 29 62 46 36 11 4 50 19 38 31 75 45 27 41 54 72 66 6 71 72 65 65 76 21 51 14 51 46 70 56 31 16 21 68 26 31 74 76 46 53 45 39 71 51 12 30 40 30 15
35 24 40 53 49 37 24 8 73 46 8 11 47 26 52 57 37 36 27 69 51 56 43 42 64 58 3 17 37 51 62 23 46 44 50 7 16 22 56 27 3 37 14 0 64 61 78 58 19 72 25 23 38 9 38 52 47 5 53 14 65 37 16 78 46 21 42 69 66 36 0 11 17 58 21 22 25 44 60 43
63 4 66 40 73 31 32 14 77 74 61 17 56 29 10 72 22 64 11 78 5 52 42 41 22 34 21 48 70 56 18 8 19 20 66 0 2 67 45 34 37 38 4 52 79 16 47 48 4 36 10 67 20 49 12 12 12 18 33 9 75 59 3 68 29 67 57 75 48 27 29 22 38 40 68 42 0 41 0 39
72 48 37 11 27 46 29 18 26 7 1 70 65 62 77 8 39 67 23 63 29 48 55 80 6 35 49 49 64 78 7 4 49 46 76 9 22 19 65 14 55 54 4 11 59 59 2 58 20 27 36 78 49 65 7 4 51 17 5 31 5 56 29 60 13 78 75 8 23 38 48 70 4 37 77 42 69 5 12 22
58 23 47 63 74 16 58 30 43 75 44 71 29 28 15 2 73 13 73 50 41 32 7 59 41 26 52 45 51 56 71 66 41 32 25 0 80 19 78 5 80 13 5 52 18 77 63 70 50 16 73 64 60 9 21 6 79 28 69 48 28 62 63 38 20 65 68 42 0 2 60 72 36 25 29 68 71 31 65 37
15 16 16 43 52 61 80 10 69 18 3 76 67 27 16 12 31 15 50 44 80 41 27 74 10 63 31 66 3 30 37 69 2 67 35 31 62 47 78 80 58 17 6 36 7 36 2 24 60 38 14 50 63 76 5 48 8 18 19 2 70 57 4 57 61 14 1 55 34 29 52 56 55 42 61 20 20 22 72 27
39 54 30 71 70 54 6 79 20 58 63 39 5 4 13 17 40 49 47 6 34 9 1 53 51 14 74 38 16 65 27 35 5 79 9 71 33 50 2 51 50 28 19 18 72 64 59 30 59 42 24 69 50 31 0 22 11 50 28 26 57 80 21 28 44 43 12 23 63 65 45 6 13 72 30 14 37 42 66 65
51 60 18 34 32 10 64 22 54 20 46 52 54 38 6 22 74 22 39 43 58 77 56 18 31 49 38 24 20 80 80 63 0 1 76 73 52 79 31 68 73 73 74 69 22 51 29 26 55 80 77 52 9 52 15 48 79 26 51 54 13 80 63 53 4 38 33 4 46 31 76 40 64 52 38 0 34 48 72 75
14 7 0 50 17 7 42 11 24 25 57 66 40 45 72 5 3 63 64 6 39 6 79 38 42 6 34 62 58 50 62 77 37 68 25 62 1 5 80 57 8 58 58 48 41 79 35 47 79 70 49 3 8 74 43 60 23 75 14 31 2 24 54 25 38 7 8 34 16 17 53 40 73 0 58 77 67 5 46 33
58 78 5 30 27 34 25 73 2 58 3 48 65 32 1 76 51 15 15 40 29 68 21 67 10 0 43 33 35 24 78 14 23 65 51 80 43 69 57 36 32 64 26 66 78 8 23 68 45 8 56 49 65 24 65 14 1 31 48 33 13 48 12 65 9 73 25 42 60 48 24 55 75 35 64 59 80 35 10 18
40 14 36 78 33 23 34 61 19 44 15 0 7 30 22 21 69 60 56 73 48 34 58 39 63 62 58 78 28 67 17 21 11 62 28 73 79 28 65 28 55 17 78 25 71 57 14 64 56 65 66 32 47 50 65 28 22 46 37 31 14 21 47 61 66 41 29 60 20 6 9 46 42 44 35 28 67 64 29 17
20 34 46 44 65 11 45 71 70 69 75 75 26 72 72 66 56 73 45 68 6 72 77 75 18 54 19 54 6 64 4 6 12 20 59 74 10 30 27 1 75 25 53 77 55 17 37 4 36 71 50 51 79 49 38 39 44 20 40 63 70 76 44 16 78 66 42 58 41 1 38 64 32 76 48 33 11 68 50 11
80 65 45 9 64 56 78 48 72 46 68 36 6 60 51 70 44 54 9 47 63 21 19 71 37 21 70 48 47 18 39 64 48 43 23 34 0 57 80 18 34 80 32 76 33 49 36 78 49 60 64 51 45 15 61 28 33 71 49 61 61 29 80 63 48 65 77 30 25 63 75 14 69 75 32 52 31 69 10 18
66 73 77 29 76 25 0 0 41 78 36 78 76 17 18 48 67 44 77 2 30 20 35 66 30 29 8 57 2 16 23 71 35 5 30 4 33 27 0 6 9 24 36 71 59 44 15 24 20 59 67 50 76 69 48 18 73 57 24 68 68 12 49 53 65 61 4 50 36 67 0 17 47 47 31 20 1 75 53 55
68 68 24 30 40 72 47 39 15 33 41 62 36 72 16 71 61 26 41 65 76 7 76 78 61 59 39 52 34 59 3 40 8 65 49 25 61 2 30 42 38 26 67 46 58 50 51 20 61 52 24 46 70 62 6 2 16 76 71 46 79 60 52 35 52 66 59 63 7 18 42 7 29 24 35 2 50 61 23 40
5 19 72 51 62 17 11 29 46 40 46 58 73 74 31 34 2 78 51 18 67 68 51 24 69 48 72 70 18 51 60 3 79 22 75 21 44 18 21 29 16 23 34 36 29 69 53 78 49 7 45 73 73 67 35 63 32 13 55 79 72 27 22 0 0 34 47 16 74 16 31 78 62 23 32 47 75 7 22 21
3 8 53 9 22 32 65 66 36 53 47 32 28 69 27 1 20 0 33 66 45 48 3 34 3 79 21 71 79 80 13 36 27 23 44 52 21 44 12 40 80 70 19 11 40 46 64 7 58 32 11 48 15 57 16 77 76 69 74 21 28 71 70 21 61 65 13 2 13 16 66 30 21 2 64 5 14 64 80 66
70 38 46 74 46 19 34 12 62 13 0 53 20 49 27 63 0 80 56 1 32 12 34 30 20 28 0 61 41 2 27 14 37 23 77 79 66 28 24 1 53 37 1 30 35 71 48 17 14 38 70 61 45 49 74 25 33 2 32 3 26 47 48 17 22 45 62 21 23 32 80 79 65 50 16 65 1 78 18 57
27 74 78 23 13 72 64 23 35 55 22 4 42 23 5 8 76 56 0 32 36 8 32 61 29 33 62 9 45 65 64 49 17 68 36 7 43 25 42 26 44 37 61 9 44 74 33 41 18 57 74 38 10 49 39 48 55 30 63 74 13 69 31 1 80 33 40 58 80 53 22 23 16 53 61 42 57 8 56 38
51 6 36 7 56 0 73 40 59 72 1 50 50 71 49 47 48 73 57 44 2 54 59 63 6 36 7 28 28 1 61 64 69 14 0 13 60 23 22 33 9 22 23 5 63 52 7 79 61 61 14 22 29 65 27 51 32 34 70 24 9 33 17 41 22 74 60 1 72 60 48 74 73 33 78 2 53 21 7 56
78 53 29 70 53 8 41 23 22 48 25 55 28 17 17 20 29 29 45 36 62 36 74 19 78 49 44 79 38 28 39 72 45 19 6 75 16 8 19 37 50 44 49 3 52 42 78 80 41 9 41 57 46 47 61 66 46 7 18 66 10 15 1 62 68 15 18 1 18 80 17 54 23 14 65 44 47 49 17 7
20 64 26 5 44 41 43 25 74 49 25 13 8 9 68 45 73 73 43 42 26 70 20 16 11 28 24 50 74 16 63 2 29 20 23 14 34 35 43 41 79 19 78 16 21 60 71 73 29 77 39 80 43 52 5 7 25 17 76 66 17 12 23 55 37 11 2 46 44 76 39 65 39 44 4 39 47 14 29 15
58 78 75 55 69 45 13 43 53 49 60 52 16 39 63 53 80 25 21 17 43 39 7 55 11 45 1 80 47 36 27 29 80 25 30 5 75 52 45 63 64 58 42 74 62 19 16 74 48 60 34 42 6 3 33 46 41 56 17 1 72 73 52 53 58 18 30 62 74 41 28 56 36 70 55 64 44 46 3 71
18 6 60 39 61 24 13 42 76 28 31 35 39 38 8 32 19 15 10 1 9 54 29 54 51 10 53 37 17 0 41 23 23 32 61 33 28 13 2 8 3 42 1 46 7 80 44 44 12 3 70 60 9 70 37 12 63 77 17 1 22 57 47 1 46 79 3 25 76 64 16 72 48 6 25 21 79 21 42 19
6 0 47 15 64 73 11 57 41 21 17 18 52 25 68 76 14 40 12 58 39 51 42 80 38 3 75 43 46 53 38 60 51 11 79 62 42 76 66 71 23 55 2 46 4 25 1 31 5 30 33 17 72 53 44 39 64 57 3 36 22 70 70 11 28 23 66 39 49 47 15 36 39 3 10 4 76 0 17 43
40 70 7 69 47 14 18 30 44 30 78 64 57 25 37 64 23 57 71 33 64 41 66 10 61 12 25 22 13 22 8 67 75 72 20 71 75 76 1 54 20 72 7 70 19 27 9 45 68 63 3 44 77 49 15 8 4 72 44 12 4 5 72 68 71 28 57 18 38 72 45 1 55 64 42 18 74 55 12 17
16 75 49 17 35 18 35 55 9 66 12 19 33 74 11 40 52 43 30 29 70 12 9 18 1 7 11 44 67 68 29 61 22 67 64 1 71 51 65 49 26 71 13 11 68 13 79 32 22 30 45 74 25 72 66 66 52 20 31 71 1 78 23 64 25 19 21 24 28 71 5 14 0 22 9 77 11 23 13 76
65 43 63 73 33 12 71 24 21 23 10 69 24 43 47 19 23 26 58 32 1 28 10 51 72 27 14 1 71 29 32 42 53 69 21 29 9 21 67 67 43 65 7 39 54 22 14 24 54 6 19 75 30 53 69 48 17 30 69 25 17 10 60 40 43 22 33 58 8 57 57 66 31 34 72 74 48 51 33 35
67 63 8 42 35 62 31 9 10 3 3 7 66 29 33 14 60 52 18 55 2 44 6 3 21 58 2 58 62 70 54 12 29 50 68 36 58 47 28 48 22 64 22 57 3 37 6 77 15 47 72 15 79 38 5 36 47 67 16 6 26 74 28 11 29 56 14 46 44 43 32 76 47 57 51 72 68 52 55 10
60 75 78 63 18 63 39 50 1 9 14 35 13 77 28 29 28 36 53 49 3 77 23 0 23 10 74 51 41 18 65 75 35 34 42 46 40 36 57 45 68 29 52 58 61 51 18 34 45 76 13 6 30 66 34 21 16 20 71 57 24 36 15 71 23 16 1 39 53 63 11 43 51 60 6 65 71 75 4 8
27 17 71 7 45 4 35 62 61 65 6 34 14 19 30 63 55 72 31 55 33 25 28 76 33 30 8 80 55 42 75 45 23 33 39 2 20 78 27 15 62 61 62 79 34 77 64 72 57 39 37 45 7 53 42 41 39 41 9 67 37 33 47 32 2 52 12 76 16 39 76 14 46 56 75 72 51 59 79 43
18 38 33 24 62 19 52 55 12 67 19 78 1 37 5 62 58 35 15 17 9 45 27 36 42 78 46 28 32 11 59 25 75 19 62 18 3 34 66 51 73 67 39 19 68 65 62 70 47 14 5 32 59 60 57 76 2 10 74 26 15 80 49 49 55 25 33 33 6 8 64 27 49 10 46 54 41 69 40 28
47 13 69 10 4 4 5 66 68 51 25 10 43 17 31 64 67 53 55 76 31 9 20 40 74 28 36 5 15 15 35 10 33 39 45 48 15 29 77 17 21 39 28 73 10 19 0 26 39 50 44 65 66 25 66 50 11 43 26 61 13 77 33 66 42 12 22 26 41 28 57 14 57 39 61 63 73 5 29 25
11 74 8 34 34 77 42 59 18 40 3 0 1 24 72 55 65 77 16 68 9 62 25 65 8 37 68 17 50 43 53 1 70 74 60 74 6 5 23 8 70 69 64 25 36 19 6 71 78 57 34 0 61 61 62 41 0 68 52 2 53 47 0 36 48 40 7 69 66 40 56 76 14 57 4 23 37 37 65 45
79 31 51 30 8 31 18 25 40 71 35 68 15 45 1 74 1 76 57 31 39 9 20 14 30 73 36 26 33 31 17 49 19 8 68 64 68 5 7 49 74 44 77 75 63 77 57 1 42 32 44 64 52 46 21 12 74 48 2 59 74 7 20 47 4 73 67 68 14 19 71 65 14 62 0 0 23 42 1 73
25 76 13 70 42 9 68 69 58 77 9 65 53 75 53 53 78 45 68 4 64 57 67 35 10 11 56 63 41 11 10 21 45 0 9 40 5 37 0 57 54 51 50 65 44 46 42 75 72 8 75 44 18 57 8 60 25 61 73 4 70 68 9 10 30 6 12 25 71 80 80 30 32 56 13 79 30 0 14 18
68 13 48 32 15 3 53 79 24 39 4 65 72 11 50 7 51 57 44 8 36 42 18 37 67 61 10 1 55 44 48 0 59 36 8 0 35 75 46 41 34 2 41 64 17 39 70 75 70 0 65 32 22 65 77 47 39 1 54 49 42 54 38 43 26 7 65 52 69 29 10 57 43 35 31 10 59 0 2 63
15 2 15 37 52 68 13 71 1 18 62 25 5 78 20 20 29 25 54 54 20 44 54 33 58 21 67 72 14 60 22 79 64 42 5 18 63 71 78 45 9 10 35 63 60 17 75 35 69 52 66 18 9 37 23 19 34 59 56 58 56 12 76 24 36 14 0 42 29 49 19 19 60 66 11 62 63 5 33 66
37 75 20 22 41 7 21 50 43 9 57 12 20 28 72 1 68 75 36 5 57 45 26 52 8 17 34 56 1 45 57 46 46 5 16 50 1 30 49 51 79 35 6 48 25 79 74 29 72 9 35 32 20 65 16 33 67 77 4 53 55 61 71 2 37 3 23 9 24 71 34 74 12 29 10 2 67 30 8 55
66 77 27 32 52 48 20 53 4 52 65 23 12 0 67 51 49 47 48 0 55 45 61 18 2 39 25 63 51 37 3 69 24 10 78 49 61 53 27 34 78 31 55 76 26 69 66 13 80 29 69 53 58 14 47 31 41 72 46 12 22 43 30 16 70 78 50 26 30 28 0 13 14 66 41 39 71 61 52 35
1 44 68 23 40 63 63 14 33 13 34 74 15 24 29 15 44 79 75 79 56 22 72 55 44 42 26 24 71 43 19 62 76 33 34 50 79 26 52 16 78 22 32 48 32 53 74 2 64 53 77 52 52 67 11 3 61 10 24 20 74 48 13 34 32 79 13 72 14 7 8 5 75 48 52 70 59 37 46 79
63 22 50 79 62 20 31 39 6 15 21 39 40 74 3 58 13 49 58 0 30 72 18 2 53 59 9 71 36 49 15 18 72 11 77 52 61 58 24 54 59 59 12 24 75 47 22 80 1 66 68 65 65 19 20 53 65 23 12 15 21 53 75 42 40 24 51 34 66 79 74 70 48 26 26 37 37 17 13 1
60 73 58 53 3 67 78 0 9 5 25 36 70 53 10 60 6 20 70 36 5 38 51 29 27 22 1 12 33 38 75 63 62 78 62 51 59 43 26 78 49 41 26 20 48 12 69 40 17 30 62 65 11 25 9 49 8 18 0 79 54 54 78 29 70 34 32 11 34 24 60 6 36 8 29 36 6 51 2 60
68 71 36 6 45 72 57 24 3 18 19 7 24 13 43 6 17 16 70 9 18 25 19 54 66 71 14 76 36 17 10 33 68 14 36 11 40 27 79 31 61 4 20 70 49 60 34 14 25 20 22 14 52 32 0 78 13 19 61 15 25 73 53 11 10 58 8 40 5 55 65 45 71 21 23 58 23 72 5 12
31 9 76 3 68 10 46 71 38 53 13 34 23 13 30 33 31 75 24 55 43 0 75 33 22 20 73 48 66 27 9 62 78 23 9 61 20 61 4 62 20 18 61 55 65 19 26 13 4 16 1 33 62 80 4 79 64 5 76 10 45 29 8 18 8 57 17 63 54 24 38 51 59 58 62 21 80 79 65 55
24 6 2 43 36 42 12 9 20 21 24 25 78 51 76 0 32 22 7 75 75 21 11 2 74 50 22 62 54 36 75 72 44 80 37 56 54 11 57 25 73 75 28 12 41 61 23 20 25 21 3 71 21 0 6 11 46 0 26 5 29 31 47 9 47 7 65 68 26 42 63 39 14 39 52 52 25 49 54 32
13 16 29 73 20 51 14 23 1 34 44 30 59 70 18 30 68 27 7 0 28 54 59 65 16 35 11 23 52 52 18 56 26 10 78 14 72 48 30 38 26 76 75 66 7 37 58 65 28 62 70 25 11 66 8 13 26 56 58 62 41 40 64 39 78 56 41 58 33 3 28 37 9 23 13 42 67 43 46 11
52 30 56 13 0 34 31 6 23 57 34 0 53 43 69 77 46 70 69 53 73 29 5 4 63 47 36 21 3 17 44 0 3 58 43 66 4 0 71 16 37 11 32 35 71 69 27 73 60 21 11 26 43 12 74 17 57 50 38 64 9 57 30 46 67 47 13 34 50 27 63 73 62 70 72 23 45 40 61 33
67 68 25 9 48 66 68 23 33 61 72 5 31 36 45 54 2 60 60 54 57 21 6 63 74 23 18 14 63 4 4 78 54 68 22 73 60 79 8 22 25 34 66 80 15 16 6 73 40 43 66 40 29 66 11 30 11 17 31 37 3 18 54 14 77 40 30 47 27 17 50 62 42 80 18 72 64 59 62 43
65 62 45 9 3 62 22 6 50 59 48 25 73 38 63 17 76 49 36 66 75 34 13 28 25 23 49 25 58 31 34 21 23 11 80 41 54 75 38 6 0 54 51 19 54 68 49 21 7 0 45 66 58 71 62 22 49 55 36 55 2 47 15 74 23 32 48 59 4 78 32 60 70 47 64 78 73 31 66 26
38 19 74 59 12 80 37 1 42 65 7 73 66 26 73 29 34 4 40 72 63 65 33 22 23 46 16 12 72 46 31 34 35 9 63 66 55 59 7 3 8 19 79 57 56 63 1 0 76 23 52 72 45 47 8 74 80 47 0 2 40 29 18 63 68 72 37 77 70 45 75 50 19 14 24 10 42 46 44 63
44 22 13 22 3 41 73 51 74 43 65 0 15 60 32 8 70 31 73 8 18 10 61 11 47 8 64 52 50 44 2 19 30 48 12 77 54 76 13 66 65 56 76 8 0 25 56 67 36 52 75 72 25 18 74 20 28 2 71 51 57 32 44 72 52 51 16 11 17 35 43 25 59 77 18 45 38 56 7 40
27 9 71 32 45 31 7 37 63 37 5 1 62 32 53 54 51 40 79 69 31 52 36 58 70 79 76 77 63 19 43 24 19 7 20 51 29 3 36 39 28 64 11 67 75 38 20 44 17 40 3 74 17 14 20 29 4 59 30 72 21 37 53 79 31 13 79 8 7 0 13 35 52 7 42 11 9 7 78 78
0 16 41 53 5 18 53 47 21 42 28 77 35 53 56 16 34 43 42 18 57 54 0 61 57 41 73 13 43 26 65 35 13 0 19 9 15 39 35 75 53 44 38 77 36 44 38 73 45 16 53 11 51 69 18 64 32 0 72 79 79 41 50 9 47 9 3 24 7 16 34 47 58 7 71 27 68 37 80 5
59 42 63 21 56 22 4 68 4 8 44 31 19 60 15 40 66 37 15 29 43 66 67 7 65 12 49 28 13 26 24 27 8 54 29 38 0 37 57 31 72 45 6 3 64 78 26 15 74 44 60 19 40 53 67 15 62 34 19 62 60 72 69 53 1 25 58 44 40 68 21 46 79 77 58 65 48 5 41 8
3 14 44 48 35 10 46 16 18 60 65 15 67 36 75 75 43 70 32 29 80 44 78 25 9 43 55 3 7 60 20 18 76 37 37 69 23 45 59 38 79 35 67 50 24 32 72 4 18 77 67 19 20 22 37 54 29 19 66 43 77 30 38 40 46 8 59 7 45 61 11 78 1 20 8 65 46 19 58 14
32 27 73 1 36 4 45 68 21 78 14 75 26 32 65 55 63 37 38 35 28 67 44 80 26 42 11 45 36 66 57 74 72 36 42 53 33 1 21 21 7 18 35 6 55 10 58 65 80 40 35 75 72 14 18 67 1 14 14 22 61 38 56 79 14 69 22 2 48 10 45 62 49 75 40 20 63 17 17 17
8 76 50 78 39 35 16 26 31 36 73 65 15 16 60 30 42 62 35 70 14 70 30 68 48 47 54 7 77 13 29 51 16 74 68 40 41 54 44 9 69 26 48 72 55 33 33 28 29 46 1 64 4 41 32 74 64 52 9 67 69 56 71 50 5 29 79 15 48 31 56 23 35 20 20 28 26 78 47 68
17 71 32 30 47 9 2 71 2 54 54 74 70 67 0 45 49 40 9 11 64 23 60 61 20 2 29 1 5 49 0 57 61 41 63 4 35 43 58 12 72 26 27 30 76 29 2 53 28 5 16 70 11 75 55 3 77 33 19 29 70 25 13 79 12 58 17 79 14 1 0 35 30 35 21 41 74 34 17 38
77 34 23 25 78 39 42 79 37 34 47 24 10 62 14 5 78 25 55 41 8 46 25 25 70 41 1 69 12 79 70 3 77 43 11 72 53 40 54 56 17 37 56 74 71 67 12 11 55 58 30 80 30 12 22 8 44 74 27 78 63 78 7 55 47 32 52 68 18 37 47 25 43 37 71 9 68 66 78 57
52 5 43 78 48 40 46 19 4 55 44 25 11 44 58 24 16 56 15 49 64 67 21 55 37 71 20 76 21 56 32 5 44 1 37 18 60 3 12 77 5 32 21 57 54 69 73 16 75 66 10 52 80 51 71 7 46 23 63 52 19 6 67 11 47 1 37 61 46 17 68 42 72 45 16 62 80 30 70 49
27 52 44 26 9 53 30 79 29 68 50 15 6 34 46 41 15 13 14 10 31 3 61 49 27 50 57 43 32 46 60 9 31 68 68 47 19 66 47 20 1 49 52 45 33 43 78 27 74 23 27 76 22 44 34 43 74 15 25 13 37 19 1 15 2 11 54 65 80 80 69 0 40 67 22 4 64 9 62 53
77 53 40 17 29 61 72 64 27 4 6 56 71 4 49 52 17 34 64 1 63 37 34 22 73 40 47 8 50 28 41 51 51 67 73 56 69 35 43 44 7 8 34 41 72 69 79 66 79 65 45 38 50 26 70 71 22 38 28 17 61 44 21 15 12 70 75 55 33 21 66 20 70 29 39 41 23 36 43 17
28 64 40 10 59 3 23 74 20 5 70 1 35 36 37 14 58 48 74 48 57 70 55 44 63 37 52 74 33 3 28 2 73 63 71 33 59 20 48 4 13 15 67 10 43 61 26 54 30 21 38 69 76 71 58 50 75 68 28 47 14 16 35 68 13 12 41 29 41 21 13 47 29 49 78 52 9 49 18 57
78 64 41 14 25 11 70 69 4 38 48 6 76 43 34 53 37 38 67 67 60 67 60 52 24 77 53 44 33 27 1 17 53 20 53 23 17 19 72 46 20 52 18 5 17 23 62 57 13 34 38 33 7 5 35 43 77 63 67 73 70 2 74 35 38 70 49 63 49 60 78 10 54 10 33 26 8 79 77 2
37 36 5 35 18 22 24 23 39 29 56 71 69 54 79 75 77 80 15 34 78 67 12 62 9 32 74 76 78 33 14 9 11 80 35 57 48 23 68 20 24 55 32 75 53 16 47 3 39 60 72 63 18 51 57 75 79 67 55 69 41 67 66 3 21 65 11 69 59 68 19 55 46 63 69 51 2 9 18 30
9 44 71 56 10 67 63 35 70 1 47 4 19 50 71 75 1 30 54 44 11 74 65 78 53 20 27 8 62 7 17 49 12 68 20 20 26 56 15 25 70 35 9 27 27 54 46 65 80 49 66 8 25 21 16 8 22 43 58 68 12 77 55 59 47 7 61 20 64 15 57 64 43 37 70 67 50 56 51 51
22 8 26 27 9 9 12 24 5 53 32 72 73 25 71 54 28 26 46 7 72 44 66 76 79 51 0 35 72 0 4 46 64 44 53 26 17 29 61 77 26 51 73 32 3 66 73 0 4 72 8 31 50 62 55 41 26 35 61 16 58 39 73 14 76 23 66 37 54 15 52 34 69 28 50 36 57 3 66 18
74 22 17 21 46 7 22 0 47 61 32 45 23 44 5 2 49 55 78 44 9 60 16 57 77 46 74 41 45 61 28 62 79 64 13 47 27 55 28 7 62 18 32 77 31 42 60 15 3 68 28 80 10 14 16 76 66 2 35 35 59 66 2 45 47 65 19 25 70 34 23 51 16 77 32 71 54 36 11 73
9 25 80 66 51 56 59 71 56 62 55 19 17 65 40 44 33 27 3 45 28 12 4 65 80 19 22 66 41 19 0 67 55 69 34 72 64 23 68 38 20 37 54 5 19 77 48 79 51 27 63 53 32 72 61 61 12 48 27 39 29 2 67 70 41 40 50 5 78 41 61 65 75 80 29 26 20 52 24 63
7 22 64 16 58 0 61 28 31 22 48 49 61 14 69 59 73 76 39 55 64 35 3 54 13 32 14 36 53 47 33 68 42 24 36 23 29 46 5 58 25 21 43 26 15 48 39 43 36 34 80 35 38 75 66 58 51 34 69 19 27 25 15 55 62 46 2 74 32 35 64 70 77 31 9 10 69 80 73 35
30 50 49 72 77 74 45 45 23 73 26 57 55 67 73 6 6 55 19 40 31 41 20 18 64 23 18 64 26 37 52 55 49 78 18 52 50 76 70 3 47 74 23 69 76 62 28 10 27 48 34 29 11 9 66 12 11 56 21 79 3 56 76 70 37 36 67 71 4 59 73 48 76 73 30 27 42 76 79 8
27 36 32 53 58 15 48 46 7 40 67 55 48 44 77 66 59 0 33 5 52 59 72 23 66 16 8 35 15 18 7 42 48 53 31 2 75 56 7 76 16 26 21 71 69 58 30 65 76 8 71 46 65 48 2 17 58 23 57 9 61 39 29 78 20 20 39 53 49 60 47 29 40 68 77 48 25 50 42 23
42 49 9 76 19 71 68 10 38 54 47 60 80 72 9 52 36 6 71 10 63 39 50 45 60 69 33 32 17 10 34 80 7 78 72 66 65 5 56 7 36 59 16 0 38 10 63 46 3 70 63 7 30 43 66 1 26 2 3 43 59 20 27 31 74 27 9 64 32 41 74 5 67 77 17 2 23 68 14 37
18 24 20 44 70 59 32 26 39 9 47 31 43 44 19 50 48 38 27 46 35 79 46 18 13 80 54 37 33 33 48 32 54 69 4 35 14 20 7 71 62 43 71 36 41 30 33 29 26 0 3 38 12 59 11 77 0 64 79 48 55 78 34 77 1 56 27 29 25 3 41 60 80 27 37 12 9 39 10 49
11 19 4 0 39 22 56 5 59 46 71 47 41 25 53 80 33 80 44 29 52 50 66 24 23 39 6 11 5 80 75 25 21 74 64 7 10 24 47 50 53 21 70 75 16 52 34 12 14 6 12 78 59 46 15 22 48 51 34 56 53 77 9 71 39 24 59 21 34 18 35 13 10 51 73 72 36 6 76 47
63 77 61 61 56 62 25 32 28 30 28 56 38 54 38 63 56 15 62 57 63 79 63 71 77 45 37 30 42 57 59 79 77 78 48 0 68 14 29 3 54 48 67 66 4 17 20 19 75 55 24 42 71 22 78 53 17 71 17 48 28 44 34 40 28 24 11 7 56 33 35 75 17 69 74 8 7 34 68 39
24 45 51 60 37 53 46 45 69 15 60 32 9 75 69 28 74 6 77 65 73 76 27 23 7 48 30 33 72 49 67 20 47 35 58 5 56 56 15 0 9 68 14 48 55 7 77 42 58 22 54 17 7 49 65 2 26 63 31 15 33 46 8 72 49 80 6 32 80 58 66 46 62 2 50 29 14 48 42 67
51 73 78 74 52 73 8 73 69 42 80 73 44 74 15 32 64 58 62 40 27 72 10 18 51 44 25 17 22 69 7 2 31 77 34 70 28 23 73 53 13 61 5 39 64 4 29 46 57 75 62 44 48 75 77 74 61 18 44 47 78 16 77 34 61 55 48 6 7 43 80 22 43 20 56 44 29 34 2 76
54 16 16 29 73 5 14 69 37 10 5 53 6 8 3 71 33 33 70 47 5 51 0 64 49 8 76 25 39 76 78 37 40 6 62 67 33 22 22 43 4 22 60 80 17 12 54 62 11 74 16 41 37 80 26 55 74 0 80 24 75 3 1 7 71 78 47 67 25 24 25 37 45 33 80 77 48 40 65 5
34 26 38 7 22 16 64 11 80 4 31 49 14 27 33 64 54 4 17 64 7 71 9 11 15 23 31 42 39 11 29 10 79 53 25 15 23 54 28 26 35 77 21 43 19 51 45 12 24 75 64 68 24 67 0 78 21 53 53 70 4 5 6 15 31 6 0 25 22 29 43 67 57 1 74 45 68 32 15 77
50 11 77 58 65 71 34 31 8 29 23 33 76 21 67 23 53 15 73 51 39 60 38 76 58 21 29 72 42 29 58 78 67 0 19 6 27 48 27 72 32 80 2 55 11 7 49 0 63 53 0 18 11 60 27 34 31 70 22 72 49 18 80 52 26 67 65 1 54 59 2 20 31 46 76 78 11 17 34 36
51 29 2 0 24 27 58 25 7 31 48 73 54 18 71 38 4 77 44 10 77 32 56 64 42 57 78 43 78 19 25 79 66 22 44 33 79 76 5 37 41 39 41 5 71 69 41 3 72 38 24 48 40 25 10 35 8 46 37 30 60 50 2 61 55 24 80 5 54 29 61 59 72 72 46 3 51 3 75 72
13 53 32 67 7 9 73 38 8 48 52 73 44 22 37 12 48 75 33 72 27 60 13 20 17 12 50 24 69 50 46 33 48 62 23 64 27 51 76 21 80 3 66 55 50 0 78 33 2 25 49 64 64 24 43 20 19 70 53 62 8 59 37 54 62 54 4 24 79 27 22 73 53 4 15 34 12 15 22 18
43 52 18 40 54 34 2 66 18 66 49 53 38 34 55 54 20 3 63 79 74 3 72 70 35 5 29 3 61 0 62 68 29 59 34 57 12 4 25 27 16 68 72 38 64 29 30 80 46 8 1 13 10 77 25 49 39 64 57 10 72 16 51 25 27 53 39 67 44 51 71 56 32 62 7 77 29 47 17 45
71 57 12 39 60 66 9 17 12 24 72 61 67 35 40 21 72 40 71 37 12 28 4 68 18 47 19 61 77 64 58 2 30 80 52 46 57 80 60 15 77 0 10 36 34 17 33 69 46 40 5 77 20 16 11 43 64 67 60 47 16 55 1 76 25 57 14 2 64 14 77 27 0 51 43 32 48 79 0 25
61 13 19 45 43 58 13 39 58 42 68 38 33 38 11 44 50 29 47 34 52 39 16 0 58 73 25 77 56 4 51 59 12 50 45 72 27 22 34 65 57 29 25 21 15 76 26 74 11 12 35 40 78 13 59 12 44 55 43 30 45 36 71 57 21 39 65 46 77 60 34 26 18 68 80 45 23 7 42 19
40 14 15 63 50 79 14 51 66 61 19 32 38 42 57 38 73 57 54 72 56 26 30 29 51 55 52 1 37 19 67 66 13 52 43 52 52 67 31 7 39 68 1 25 63 31 48 48 77 41 14 34 23 10 53 46 34 37 1 32 51 29 76 73 4 11 27 2 34 71 8 57 43 77 78 57 39 60 10 13
5 14 54 39 53 49 26 78 50 7 50 70 59 51 12 76 58 79 24 80 72 19 35 0 45 27 30 21 62 39 25 47 30 54 41 29 46 6 11 51 68 22 23 40 61 1 19 12 70 70 45 4 21 26 19 57 43 79 58 28 80 32 78 80 4 6 3 73 63 12 57 0 12 70 31 59 50 4 33 2
45 44 7 73 43 9 39 63 57 69 53 42 39 54 19 2 60 41 24 44 20 73 1 12 58 72 71 8 1 75 2 68 59 57 41 70 35 22 44 42 80 17 77 71 51 3 0 40 66 28 28 28 74 40 33 41 43 52 50 40 8 33 2 30 67 42 37 69 57 43 12 74 73 22 12 32 44 9 5 29
38 46 68 56 34 17 73 70 52 23 7 16 69 24 41 67 49 12 34 46 2 74 26 40 20 16 60 8 52 4 47 47 73 68 0 67 54 46 42 47 67 79 45 2 15 65 9 51 36 25 38 43 41 11 48 50 61 0 54 52 52 34 4 16 43 42 2 45 38 24 13 24 7 31 73 3 5 21 80 7
22 62 13 27 26 33 47 76 46 33 49 36 6 37 50 25 78 15 21 50 68 68 73 40 80 28 50 43 54 56 12 61 4 56 0 54 71 29 3 57 53 19 43 38 20 63 26 52 44 66 8 71 76 62 20 46 60 26 45 1 32 2 26 39 19 54 9 72 69 71 27 37 33 18 75 53 32 26 63 11
