10000
7988
2026
967
1513
3537
6439
4461
430
3988
8262
9969
2153
4859
4609
1172
8030
8801
1835
1109
3722
2408
9959
8250
7783
5176
3720
4157
3218
3997
5239
1114
3500
5809
1726
5036
2033
5916
2713
4206
8870
7845
7057
8864
3838
8666
3321
8670
4885
9826
4434
3937
3373
9771
6646
7643
4073
7746
2428
1617
6670
9373
2525
2548
3792
6995
7098
3287
1988
4951
4137
9816
164
7657
6010
3501
3649
5255
8402
4923
8111
6936
9116
8408
8359
4225
9403
5168
5027
5538
6911
7961
1415
3138
5890
2036
3044
6573
2971
6686
3775
5726
2037
8110
5523
9897
8130
2511
802
5268
6868
8062
1648
268
1604
7704
2507
4554
8140
5757
6499
6008
214
995
9167
6636
325
108
3272
1505
2982
4601
5816
8516
2467
5775
4021
7142
9541
6093
1026
6179
6613
7491
8330
1560
5962
6697
3814
1895
9910
8210
4357
8412
7010
8061
9496
5205
5252
5231
7482
4079
3342
7473
7168
3512
8101
5606
1448
7493
4019
5128
3865
7019
3724
5503
913
2487
2781
3589
4267
2907
818
9685
5567
1787
2822
9622
3583
7199
5907
6818
5138
2677
8859
3777
7934
8404
4094
8527
3789
6751
4709
4731
8980
4383
351
957
7159
5114
2022
3005
1999
2794
3766
810
7808
8119
8221
3342
8824
5281
1079
370
6616
2672
1320
1000
7234
99
803
2399
1037
3493
7145
7928
4427
8618
9133
611
3346
2308
9747
9697
3078
6153
3548
7714
2108
7553
6304
6441
9432
5885
3589
6039
5124
6990
7531
4423
7173
7605
8719
1132
7452
5584
7527
2453
502
3097
1155
7282
2655
3873
5308
4151
1271
1083
1538
264
6384
1804
2274
2536
1638
2470
2925
1847
3786
3562
7813
459
7661
9384
1312
2821
4803
6991
112
5695
5873
9173
33
4232
7871
4104
1387
78
1434
559
6200
7645
5811
7420
7641
8695
8728
9842
220
4799
6026
7639
5621
7586
326
4405
8263
5655
8867
1939
7916
6535
5038
1899
7227
1811
127
4056
7003
1241
1550
9685
2083
6825
419
3116
6792
2234
4595
6538
2830
5969
7533
629
1230
4702
7524
6905
6232
4285
7100
1530
5628
5558
4163
8775
2070
7942
640
4188
5678
187
1799
2682
4155
9384
223
5896
9082
9989
5733
3721
3811
8778
3900
7772
3556
837
3107
9645
2599
3437
3784
566
6098
8316
382
3632
927
1791
8219
9407
8301
7591
1505
1045
2871
3166
9976
6175
1568
5405
5983
4440
9068
2951
4674
5573
5903
620
8416
1369
4051
3053
4428
9341
6326
4393
6759
1748
7113
553
2914
8560
3570
6406
6643
1713
6455
9423
9994
9528
9205
1347
7778
7405
7986
6168
7962
5469
1558
9379
8744
265
3486
1101
7106
7221
8414
7531
8185
1265
7962
582
9687
1177
2552
1681
5585
261
2717
7079
1272
5782
7189
2472
1808
9870
8562
8258
3825
7266
4448
405
1746
4769
406
501
7859
4552
6890
3597
3541
2451
3865
1785
7136
3912
6313
7504
6465
5175
5247
1176
8182
7197
1879
808
2785
7895
1451
1865
234
3307
4379
1767
9978
4802
1790
5634
9149
4536
980
1234
819
7074
1834
1997
7649
3666
2492
1980
741
8
362
5888
8041
5026
1786
413
161
874
1559
9072
1568
9561
4676
6
5197
6687
9299
3847
9099
6224
3072
9962
4964
2023
7192
2946
2778
2588
1176
3206
5191
525
6078
4482
8679
7295
4181
2637
4418
7915
1952
8738
172
9121
3067
7775
97
9883
597
5561
5475
4199
7868
9480
6536
3509
6259
8420
8853
7964
4057
2138
7588
2292
2536
557
9927
5008
402
9990
5577
6360
8527
426
2290
9988
8567
8542
6007
9130
8683
1216
6571
5878
1753
5923
3261
5110
2672
9717
1691
8584
3935
4635
6170
3038
7053
6941
2178
9494
1501
64
8348
1282
6289
665
7871
6515
3507
8492
3145
6049
2325
217
7044
1155
2392
7262
5608
2259
8321
5808
8960
2266
9523
4138
1099
5146
7018
2752
2607
1958
4938
7085
9612
4668
168
3234
8514
5309
7955
6962
7234
9982
2744
6283
9279
3569
8397
1477
4975
976
38
2146
4283
6511
9286
9916
8738
5656
2101
2005
6720
5220
6758
1514
4719
3499
8594
6470
3597
9111
7193
7651
3243
1840
9655
520
1011
1266
3754
387
3538
1744
4644
479
3933
4377
8977
3965
4451
8142
7910
327
6513
6813
9182
7176
3689
7529
8576
9935
511
4416
4128
4145
4556
1080
5382
2426
7870
5013
9912
3110
8247
7062
5060
3203
9444
6064
3344
5293
5940
1534
6574
3700
1551
9697
1909
7794
5151
540
4780
4383
6880
922
1436
9200
3590
9369
6013
7512
2380
4098
8340
5634
4085
4806
7565
6162
7511
5567
6602
9406
5316
1856
4534
2018
7346
3790
9611
9773
5111
8114
115
6033
9686
3525
1307
5617
495
2522
4846
3435
285
3138
5712
5718
5324
234
7916
6844
5977
2537
3188
4052
6258
7913
5919
7741
2405
4459
9060
6334
2333
1056
9000
194
8307
7731
1730
9310
9900
1744
110
8435
3046
3274
9896
982
4607
2232
3678
5739
739
6539
6230
8933
4044
8190
8360
2932
9041
3276
257
3984
3144
2175
5458
3516
7227
28
8434
2763
6942
4587
696
4346
3485
2753
1590
3289
6847
587
1843
9454
5177
8937
2776
1556
4564
201
6229
2648
5123
8784
8795
8978
7206
7170
3410
7287
9836
8210
9730
8788
9475
4729
1224
3522
8037
5998
4859
9948
519
4351
8329
3122
6961
7044
8291
6624
3063
2955
8978
617
3479
7512
9690
2398
4846
5961
5669
101
2993
4799
9530
2705
3122
1349
7962
4155
8285
936
2391
266
8072
9067
3130
9052
998
4082
4476
408
3543
5826
6115
1046
5758
1168
315
9385
7454
7068
2542
1845
2514
238
9488
2556
6338
2044
1345
9522
6271
5267
3355
6827
6880
5606
9744
5058
1742
109
9208
8216
1710
995
1238
8503
3164
7500
6030
3433
3004
3753
8501
8715
8160
8158
461
9401
8242
837
5840
3120
2360
8187
7714
1019
6293
977
2387
6961
1939
7482
7721
4354
526
2147
3001
5211
1389
6592
1590
9549
6917
3934
1752
4231
5289
7732
3745
8822
4224
3183
3958
2032
7595
1723
1135
8393
9477
1847
6867
2
3467
5088
4556
3457
5769
318
8283
4224
2890
1948
8663
9680
2374
5138
2594
9462
4338
5985
8788
9708
6052
9585
7543
5339
9692
7286
8471
2462
428
3757
5147
6720
8851
813
9244
7724
9850
1381
4409
2218
6427
6111
8322
789
6819
9044
9306
9812
430
6265
9516
5072
4310
4058
649
9075
363
3450
4657
4863
844
5984
4231
8410
5628
2391
9443
1674
7526
6111
3481
6446
5485
4518
3816
2987
2780
5848
8747
4487
8753
7855
4768
3758
3469
461
1137
5576
6764
3738
9556
169
7858
9159
1518
8053
5799
4859
5257
7799
395
7995
6271
5612
940
7650
7415
5716
1189
2232
3836
2715
4964
5599
5398
7357
3213
1270
5565
8138
4934
6795
2407
3983
3623
5040
7175
2785
4526
6079
1199
1488
4680
9338
8242
7199
6941
8005
910
4381
2376
6852
9891
5404
4276
5079
5005
6536
9471
8080
3580
7982
2331
140
1238
4836
4248
5442
5755
3394
7174
2861
2146
5620
3152
4396
8569
2205
5362
7985
722
509
2590
577
2682
3317
3486
2186
7191
1312
3402
4088
4021
9139
6193
1519
6708
3121
3227
1445
4587
6926
1389
7221
2523
1907
8376
589
3208
3026
5458
8872
367
2341
2834
7058
7309
5719
9443
1709
7429
9017
7815
6802
162
1190
3190
2555
5814
7676
6057
3706
4963
383
2486
8654
8611
586
6820
23
1809
3645
1059
7817
4040
5094
9733
2923
5659
8004
2473
1676
5450
2630
5035
6792
648
6071
8364
4653
7683
1894
6321
1780
6758
4686
724
3125
4685
4999
6004
357
4165
3226
9672
4904
9885
9786
2275
1516
9183
2213
4837
2798
3799
3893
6259
4378
2442
3436
3761
6292
3231
9611
1256
6657
3448
1977
8301
6682
458
9265
7114
5440
3868
2003
4842
3324
5104
7375
8694
3169
1069
1377
2398
7817
3889
361
5661
166
3450
4905
1066
2883
1979
5793
6498
4219
7718
627
1968
7236
2479
4712
2594
5634
5979
2003
9724
5303
4696
8707
6964
8233
8968
8423
8241
7150
9366
926
4050
4812
896
6410
3860
3053
4372
8006
7548
1643
4902
7760
7808
8549
8265
153
933
6473
1554
4968
9354
6963
4633
9474
2716
197
7242
4277
1314
3926
9292
4388
3103
1881
9149
5052
2898
9789
3997
4046
9584
9800
6275
5134
7498
4097
5436
2198
3293
2985
7169
1461
6133
1247
3443
5449
5691
8483
7869
1283
7880
9757
1146
5532
7128
7203
5006
298
5711
372
5087
3119
1701
8740
2120
4932
4363
3882
498
3609
2538
3168
3971
5247
2930
367
845
8153
8360
1684
6444
3682
3205
2781
5727
6106
5049
9871
6886
11
731
3933
287
3581
6749
7920
5903
9699
3940
4402
9051
8746
7321
8542
9782
7423
1156
3199
19
7002
536
7580
8008
8210
5093
8675
9304
1915
2832
2896
8223
1941
4085
7964
9446
6401
6797
3163
7542
2477
8400
8982
907
5984
7760
7781
2810
7716
9501
8146
1786
8142
3491
1303
8217
7843
3304
6732
9578
3658
4219
9628
9313
1330
4467
4254
9426
1862
4014
9656
978
948
4662
64
7202
3518
5244
6829
4142
5172
9032
7119
264
965
997
7201
4902
4165
8610
7858
4320
9089
7518
5607
3973
3278
7087
5136
9905
62
5253
9212
500
5969
6864
2081
2221
2488
6595
3051
7388
4214
3281
9887
9177
2245
1511
1206
9761
1386
3987
1954
8376
6211
237
5621
4881
6939
8185
5866
9247
3390
4469
1634
4594
6812
9904
5921
4805
4301
2274
8268
9367
6142
5538
7588
7889
1214
8888
3827
2817
9186
3163
5904
536
1295
7360
8535
8132
757
3304
1893
831
2625
449
9304
9657
9488
6618
5772
4302
3515
7075
4497
2699
786
9448
7450
8801
6731
2202
7753
9669
3535
9220
3163
647
993
1949
829
902
7631
5731
5443
7320
2818
5815
7420
1793
9885
1829
6716
3544
4153
3142
45
5531
78
9624
1684
4046
5689
2220
910
6162
2126
6025
3351
6001
4451
1844
1583
1106
6904
4622
2453
3918
3904
6605
7741
4494
6610
2508
3117
8733
5039
6795
440
4412
6083
7812
2593
9309
3656
7911
3302
8726
4654
5325
3999
5110
7992
3875
8001
1185
4672
1319
1281
9195
913
3206
2020
3540
5763
8413
5156
4989
1345
4319
5348
4872
9237
4454
4417
8092
5029
4995
4136
1138
5564
259
9686
1372
9785
4184
7506
8425
1521
5553
8139
6723
1223
3640
6720
9317
6439
9873
1150
6034
2563
9758
2174
4988
5840
9239
4924
6108
9071
9931
3848
3433
8089
8777
68
4569
4752
4464
9287
7831
6940
9252
224
9067
5582
5297
7381
5400
1121
9143
3452
65
1421
4444
3273
7563
237
3389
1212
7426
8358
6340
2394
4043
9
5691
5177
7996
9008
6113
7335
6465
7723
128
2936
6112
2764
4605
5905
375
8359
8076
6148
3681
4054
9602
5946
8857
1247
6923
9693
7931
7529
5232
9039
5261
6960
4443
7098
5633
5737
8494
9493
2823
6159
3420
4007
9347
6927
6337
2616
8227
5331
6654
4735
1222
2982
7887
256
8825
9051
7871
6262
819
1706
1664
5528
3319
4062
1393
4302
6519
9605
753
6931
3085
6765
6343
6014
7003
1937
407
8989
8231
5892
6877
599
4028
6583
4322
8568
2059
1777
9414
9089
116
1090
3098
5044
3882
5954
8304
637
9587
2275
3453
7634
7009
2902
434
8284
7356
3152
7301
1225
580
9034
3300
5158
7675
869
8064
2108
3604
2083
4246
5537
6393
1652
1360
7055
7533
5560
5922
9665
2672
8302
1571
3561
6883
6088
8416
1766
5010
6054
6413
1846
937
4448
7138
1229
813
1418
3378
5291
9612
4461
8758
4202
6458
1225
6062
551
1223
6312
6555
7977
2414
3333
9304
8807
3026
1722
4501
810
3017
9672
7870
5859
6520
324
9659
520
121
7094
8700
4707
4302
777
1634
4801
7965
3985
7632
2935
5197
1348
6390
3573
5809
8260
4112
6929
5415
1477
8481
703
8955
5661
2165
9419
7022
6727
7931
6636
5603
6622
3468
49
6411
3217
4355
8133
6133
1192
2891
8862
634
4125
9649
8823
1016
7418
3711
3487
5850
6993
8569
7624
4833
5373
3852
1263
5314
2864
148
7506
2420
4606
5054
9479
7799
1009
2575
3184
3375
7715
7778
8859
2399
3251
5765
7570
7614
1941
7996
6018
8016
5377
8048
6387
6440
7324
1204
3556
4298
4489
7570
5411
4170
9706
1542
8064
7396
1416
6491
8993
2716
2198
4545
7994
2702
5149
7568
2909
5775
914
1472
7306
5829
7782
6718
1128
3964
7400
9944
2015
3391
5281
8176
9997
2271
3835
3030
1954
836
3324
6173
2220
1790
4519
974
3056
5629
1441
2605
7413
4393
9893
1701
4060
4081
6200
6583
8015
1769
9430
2475
4605
599
1733
2719
2694
17
9980
279
9648
869
9494
5127
5281
6595
4618
9285
188
1540
4078
2794
2115
4275
1971
3174
979
5312
8438
8937
9587
9025
3438
4909
8864
2420
2044
8487
7033
2248
2626
3317
2556
733
3067
7969
2457
141
9033
1195
4124
6600
9212
474
13
5307
4825
6295
3463
8298
3055
9392
5435
5823
6007
74
437
4125
409
4773
8618
5673
3343
3234
2696
6164
7114
6246
3283
4351
8663
4159
5461
1086
2713
9170
6564
2875
464
523
3193
1429
3331
4971
2856
3056
3288
2887
8101
4851
4519
3554
6120
6652
1473
5749
6200
5598
9286
7352
9918
1771
1379
690
1995
4048
5167
961
4954
7829
6577
5381
6500
3107
2999
9316
7431
6829
2854
9734
7423
8158
8763
809
8362
7392
1418
5391
9721
2374
2540
1994
7113
1003
1218
5182
5281
1492
7421
4779
6470
9658
1074
6093
421
5106
7736
9896
6581
6859
9327
101
6842
6320
222
8606
4030
3381
7066
13
6790
6069
1847
7729
6750
7055
2409
9394
4240
4574
4628
1791
279
6552
9496
478
5931
964
3670
6256
3027
2179
102
1833
6827
940
5318
5096
2972
6843
688
8390
4186
7753
2417
9638
6114
8606
6094
4558
1185
1605
382
3388
6668
4348
7273
3630
4263
7672
5155
3520
7750
8234
3030
6365
5487
2163
4594
417
2192
2166
6773
3937
3340
7289
1347
7304
636
8085
389
8759
9756
6104
2288
6232
746
6151
606
9401
3799
5421
5455
6264
4606
1114
3956
4260
1589
1467
2691
1417
1958
748
1006
1500
5981
3954
6190
3328
9988
6429
271
2903
2446
7747
6895
3868
6531
5429
7776
8863
3755
7765
7276
2068
155
3230
7344
689
9917
9076
5988
1381
3693
5462
9617
3576
2518
3368
6192
6953
9611
3627
7814
5097
6725
9446
9281
8742
6953
1521
9792
1450
9367
47
9955
2672
381
7606
878
8956
1100
6425
6675
2843
8514
8546
8875
4477
3110
2756
7709
43
9558
3757
6311
5110
1964
3632
9990
2274
5665
2385
7355
9876
3347
5099
9966
3090
8125
2706
1237
2374
1163
9631
3881
9044
3065
5156
2623
4220
8614
1603
8271
4838
6498
4858
8933
5900
4283
2372
8395
7953
8265
928
4105
7970
2523
7260
4924
5040
6534
4194
8734
6676
92
7279
9125
1078
1061
9377
5676
473
5765
7376
7127
3952
1840
2041
4671
9385
4356
5084
8434
5
1647
4
3446
8149
7323
7646
3784
6871
2371
9453
116
3502
4246
6289
5960
9544
3737
6613
5790
7102
2710
5345
3854
2143
4793
8191
2663
9899
6516
6208
2273
2758
836
7341
3339
1981
8666
1582
7172
7110
6420
1169
589
7739
2081
2444
9360
2979
7720
4231
235
163
3875
905
1674
9631
8453
1477
5887
6984
703
6315
697
1336
2402
159
9280
67
7661
8367
336
6304
9693
4800
1134
245
2960
9587
270
4728
3606
8174
4638
1051
4660
5717
8506
3321
6236
4965
2274
8834
4378
1240
3854
4655
9227
6751
5449
8695
5689
1100
1496
3295
1877
6180
994
8006
8189
1459
5445
3585
5465
4368
4413
8707
2356
3178
6638
5516
9989
1650
7474
5956
763
9193
2677
453
9624
3147
2276
1786
1243
9485
8948
5775
8761
4528
8480
7357
1274
3954
2306
2395
2809
3859
6088
7461
1387
9374
7464
5477
510
3204
3252
3754
5992
671
1507
1154
5928
2328
4376
5765
9457
8856
4453
9997
6758
5375
5226
7904
97
3675
8573
4175
1253
672
4989
684
5961
5119
7961
4905
7991
5076
6823
7441
8446
7348
8671
1976
8084
8405
9999
5355
1385
4828
7352
5837
3161
8686
7893
7942
6635
4563
1560
1070
3456
1126
6919
9867
4308
222
3338
3341
7414
2036
2474
8930
8738
7514
8329
569
3903
2964
1692
6900
5180
2918
8482
8828
3034
4938
6840
7830
5144
7297
3711
2718
6870
9455
9391
2094
909
3132
2459
8850
2740
9165
9973
5557
5033
4460
1083
3029
7822
3091
7071
7701
7457
5340
8105
1541
1731
3024
482
4336
1010
2820
2454
5528
1231
6744
3482
8351
1066
4238
8048
1411
6926
5769
4823
2290
4505
8525
2064
3293
6452
1262
3671
8930
7763
1480
7943
1952
451
9746
779
4177
2849
8622
3802
1475
6943
5184
168
5390
8079
7663
9501
2712
2542
3092
5106
7750
5162
9502
8901
928
7617
9355
2437
1047
8839
1897
8950
9493
3406
5524
989
4680
1813
4734
2845
2683
9595
5668
2527
1845
4838
1278
163
6649
78
9791
2416
373
7255
5219
4911
1981
9259
7762
7667
4472
8397
4661
806
2387
4137
7044
2678
2237
5745
1874
1611
6513
8786
3359
7540
1036
1952
7988
3776
8876
2310
6016
7524
2848
264
3178
5552
4451
6143
6170
3356
8550
2820
9554
1450
618
2049
2008
6016
8690
7191
9854
4150
2377
2259
8792
770
4178
5333
7066
4094
2342
1578
1886
2368
9579
5103
6039
8802
8679
9727
3507
8992
9489
1095
3232
2155
2680
2005
5070
4252
9719
6332
412
6904
6867
8954
3603
4525
5857
8190
9340
2532
2849
4053
4228
1239
1798
6650
9008
7316
3641
8302
3440
3577
8640
1799
249
5460
8288
4338
82
225
9843
679
8023
8773
2926
1992
2758
4092
893
9022
1220
6413
757
4246
8226
1079
6170
1520
1075
9866
9412
3465
6254
2483
3768
798
828
318
8595
385
1306
9168
4584
207
7371
9978
5988
4089
418
5517
3201
9906
9930
6276
6508
4877
7866
9946
876
3783
1327
6452
6882
3966
3469
4991
3971
464
721
9786
7967
6597
105
1559
2702
6187
6888
5469
2665
5209
4637
8086
7938
6109
3511
3549
7156
5678
8599
3685
1208
933
19
1636
7853
7548
230
2661
4875
1412
6613
7851
4148
620
5566
7368
965
4213
8551
8790
9878
1951
3612
1789
6945
2187
278
8234
8061
5559
3897
2345
4667
442
1111
8709
170
185
583
4923
4621
2917
687
8528
5031
8594
9738
1436
6265
5848
4682
1311
3704
626
8849
139
114
9523
566
4952
5600
6801
7527
6782
1319
2311
6568
8885
5789
9588
6617
9396
5179
3298
7869
644
7641
6462
1395
5216
7226
509
5881
361
4723
9112
8709
8446
3332
9422
3262
429
4779
4839
8273
4020
5698
3351
5519
4435
6301
9757
2678
4609
8513
5814
2615
1136
2556
9122
4358
4870
2139
1746
2275
6226
2867
3301
6285
7970
664
300
3177
1793
4113
4310
1627
6379
7036
1803
4222
2685
3252
170
1377
5018
4145
6351
6783
4845
9343
1129
7156
6904
5889
1563
3872
1471
5990
3637
3037
9119
6493
6870
8694
1237
78
4012
7176
2555
5029
3678
8303
64
8568
7498
7277
2968
1846
7497
4332
4856
7952
4155
7028
325
3909
5055
9420
8910
9174
5554
3803
9669
7866
5096
7255
9161
2433
458
1924
9575
8034
3499
8079
2555
2248
3055
4966
4953
4904
260
4223
9581
458
3505
5386
2507
209
2527
9103
7374
4050
470
1587
5549
159
6196
2775
7977
1584
4986
8932
3012
7399
4879
686
2338
4145
8789
9594
8694
6533
2181
3057
7978
4818
2194
9196
6173
7155
8568
972
9600
8183
4141
4630
2295
9257
9754
1340
3779
561
9347
8204
977
8283
9530
8516
6138
5365
3832
5250
6219
61
2791
9158
8207
2560
3605
5931
3770
12
3163
2735
7532
9458
754
9322
1267
6076
1520
5631
6167
2712
531
6735
5145
6072
9839
2160
1686
856
3090
5749
1502
8423
800
1451
1757
127
2086
4024
93
8031
3166
168
8673
3135
6944
1806
3792
9165
1506
3993
1496
6199
3198
2709
5736
225
7695
7958
9728
6236
5224
2746
511
3234
5341
9666
5180
8847
3531
6714
7103
5460
517
9668
1107
6315
9302
5817
7876
1996
7282
4504
6927
8
1327
3831
7802
2304
1671
7206
7977
6467
5166
5934
1777
4030
9952
881
4995
2156
6644
5003
903
775
7302
8830
8008
267
7721
3975
5109
9454
5283
1047
7524
1035
5963
5798
4572
2684
4119
9767
5960
2401
286
4169
1282
3254
7523
1597
1653
2815
5188
1976
1526
4548
5178
1585
1020
5149
6501
8316
3161
7584
6314
722
9275
37
5206
9437
9085
6438
1700
9046
122
1037
4453
5987
6701
864
3757
8188
5185
8025
109
2415
8650
7714
8169
8774
3778
3888
1131
5477
490
8605
3248
4955
9513
6372
4419
6742
6325
5958
5746
8968
749
9824
2593
8682
499
3109
8132
8379
2008
6429
1274
881
8546
2686
4337
9101
1940
4591
7237
1512
8805
5638
7660
707
9378
485
2846
208
4291
1074
838
7906
9088
8929
9767
7569
6604
4615
4408
2438
9238
4562
7154
9014
9923
477
8410
4864
1868
5505
509
1381
6799
7963
6936
445
6685
3786
3205
3894
9938
6487
1805
4715
6908
8093
6040
1433
9896
3357
680
706
6140
6291
9903
3715
840
8704
6276
7591
8367
5430
4059
2188
2292
3649
783
8819
6090
9106
4183
6720
6719
8016
8400
846
4523
6609
2795
8747
1739
4031
5144
5546
9377
7322
8777
4242
5388
7775
1307
7506
4728
8308
8215
2501
9807
7367
4553
9301
5904
7514
6307
9453
3893
1754
8016
55
3428
861
80
3024
4859
5430
3364
3383
8689
3416
7557
7806
995
1620
8049
709
3883
902
9318
6944
7971
7837
4368
7371
9715
6459
8933
1681
6673
8349
7289
6126
2001
3122
2574
3469
9316
4268
6671
9536
5589
1359
450
7243
8363
7958
9662
5656
3057
4374
4240
1618
2869
1322
1931
6372
3906
1095
8652
7904
8708
111
2320
5607
5060
9393
5730
8303
4004
3543
8195
4624
2422
6266
4655
1379
9529
2893
5083
8850
6348
6513
2642
3308
7960
4179
8649
3488
6498
9491
859
6872
1375
8223
9823
6693
6546
8250
7974
7509
2754
591
3302
8857
645
4916
1104
8463
6226
7677
7923
365
6820
7143
2763
6950
3319
5952
4294
3628
8764
1922
5574
6785
8505
6785
6497
2090
9034
4875
3686
4406
7930
248
7365
6682
6174
478
3423
9486
9543
7487
2461
2719
7085
2455
3304
3927
2646
5850
4083
6992
1794
6837
179
6363
2881
3492
2871
1602
6241
3428
2703
8373
7529
9622
7296
7640
2257
8843
8910
7913
1639
8272
5602
6291
8783
8349
7220
3714
2134
7037
7896
2873
235
5061
8759
9523
1555
8367
3563
4984
1692
4735
3429
5709
3622
1917
5732
3639
3970
9810
9385
5949
6957
8677
6654
6945
7588
6673
5526
5631
6771
5254
2984
7829
883
5066
5028
7845
4675
7544
4992
3719
7763
4241
3288
8412
5876
1385
797
9458
1906
5299
7121
4510
5013
1842
6698
6839
9006
391
7937
9545
9369
146
5386
1136
9567
3764
1535
4820
1827
3792
4074
8944
9835
2149
9400
1738
2354
8061
2736
7697
4692
2696
8605
6306
2109
4879
2847
980
9690
3103
9638
2
6924
2563
7412
4206
2606
772
3314
9458
6677
7294
3062
3555
7732
414
9143
9589
7417
9914
2086
6901
6949
3279
7695
9026
4044
1814
934
2388
2273
9106
5991
7006
898
4803
5764
3495
2335
5950
3199
6578
2183
9835
4068
534
2018
9709
9520
8669
2294
3277
7373
5875
680
904
2756
9991
5612
2305
3336
7856
221
467
9760
2222
2081
2585
476
3757
5849
1347
9509
9873
3038
6539
533
1360
2680
6077
8064
356
7123
5686
242
5224
7973
2978
8570
9289
3757
4895
4200
3842
8789
7206
431
735
9991
4586
3203
6423
948
843
4699
6655
7124
7820
9094
8155
1525
3693
4579
493
3254
3424
5036
5223
2258
8898
8283
5476
9701
4096
3492
8807
4301
3281
9113
169
4192
9447
2477
6785
5567
1195
3784
7091
1482
2745
8283
3969
379
5015
2971
2772
3175
6628
7763
6469
8335
5489
426
609
2293
6872
9297
767
7290
5439
7130
111
5921
6448
2049
3201
2209
5369
1075
7294
5438
695
8261
677
5623
6737
9593
412
9629
9776
6027
2927
9668
5752
5248
9455
1825
1001
6888
3085
2433
7223
3016
7750
1417
9016
4422
8922
4897
8227
9031
5928
9248
3900
2419
5670
6217
2900
2025
6108
9515
4467
9505
9915
162
8365
1612
3307
7225
1826
4701
2764
3128
3859
5403
5945
2509
5813
3540
7548
634
4327
6116
6119
9631
8664
8452
384
5373
1159
3426
9638
5888
1624
8170
9047
8171
9236
3079
4790
8221
8790
8289
5600
3508
4050
7989
1454
391
3670
9697
1802
2383
6760
8958
6201
8894
7613
7385
6527
6191
8771
3055
7991
9229
537
5002
9085
6256
8251
2840
5439
2226
5689
8988
1664
4877
7057
8109
1897
1907
9181
8367
4470
9472
7395
4924
3172
4281
9793
9854
5417
8105
1504
7594
3962
9771
1040
5880
6649
5941
2096
9316
7089
1624
7214
2242
5727
1437
2853
9735
2594
5669
1683
1386
6717
2382
5470
3340
8861
6699
801
5674
9915
420
4373
4019
4063
1777
981
6919
1398
8770
8333
9002
7525
1706
9690
247
1385
5925
7365
1047
9151
2071
9988
7171
2718
3668
4965
9566
6793
2798
3848
5363
848
3473
5050
1930
159
8924
8898
5572
2676
6117
1766
6888
7470
6010
9492
5114
6126
6495
1485
4881
6795
2924
2711
9025
9095
4148
7427
1571
3209
6258
1266
3595
176
27
9417
6901
6105
8027
8119
2905
5443
4730
359
5860
3998
1676
8561
7142
6415
2507
7777
4221
3924
2504
9041
2764
6372
673
3827
7964
6331
3642
1367
6496
4160
8511
6738
4811
8500
8392
6695
9624
3484
7322
9480
2039
4061
9577
6566
925
7362
8436
8047
5788
7261
752
1403
1675
5342
1606
424
9048
1292
2979
1190
1107
5662
6013
1735
9459
3610
3881
3185
4002
9567
7659
1471
7644
7000
4573
2601
2074
2148
5238
548
8504
3342
130
3623
8814
9288
651
6134
762
2656
8198
7846
9109
887
7886
3193
8029
6949
7604
7447
6453
133
9455
1194
8653
7052
6795
9874
3169
2485
8535
4092
2059
959
7826
5829
6508
7628
7132
5635
7853
7614
2495
7604
277
2863
3728
8380
2816
412
5818
9224
1901
3398
4408
8750
4587
7698
8216
9306
3004
9853
9511
3372
8060
9455
4837
8119
3435
8690
7518
6673
4859
3500
3601
2250
9252
426
7495
8998
8680
9843
6309
1531
9731
3581
1916
1175
9835
5650
2449
379
5728
4144
9349
5808
6739
3993
7609
5418
377
2386
6168
1539
5069
2013
87
2642
6830
7304
1821
9297
6923
7664
8296
3573
5342
4625
5829
3941
9047
3040
3888
4537
4259
1726
4471
9183
7677
9579
1076
4748
9222
1945
3860
7203
6310
347
5820
4622
7827
6725
6329
6429
4003
7327
8663
2277
3523
7979
3106
1115
7572
1776
7738
1912
4405
7456
9059
2724
7162
6536
467
7378
5466
4109
5384
7616
5708
3279
8539
8850
3641
5755
9743
7456
7972
1689
7539
4854
7639
4432
6336
4263
4713
9755
663
474
15
6970
4422
5315
256
9008
5837
8740
8160
8456
492
7459
8450
6472
9901
9368
5564
5939
48
4448
4029
5847
1677
9333
1659
5452
7512
3987
8338
4612
4060
1694
2786
3687
4016
3492
8463
8376
961
2370
5140
8578
3633
8541
4435
4470
8705
5157
3351
9995
5611
1816
5160
6736
900
9452
8178
5380
5619
3500
467
440
2099
4057
8801
8475
326
4999
9918
9984
1817
2340
4555
7302
354
3318
535
4103
3376
6375
9236
7278
4154
9467
4795
8819
2253
2881
6360
544
6684
8149
3788
8381
5557
6653
3197
9684
755
4666
2156
5759
9728
9575
1150
3790
4280
6156
6105
4983
5913
117
8037
2415
4794
3541
145
3326
5425
3643
4260
8546
3421
2230
8077
4295
5177
8864
8120
2419
8572
3632
2917
3045
3823
8078
4597
4085
2000
7803
8703
3821
4766
2460
7400
6575
5456
8566
5791
6160
8690
7332
9266
8039
9572
4625
5094
8615
5185
5271
6538
325
2703
2043
4520
5867
4846
1920
990
5939
3457
6000
274
5087
5304
4966
8706
6427
8669
3622
9722
8083
4228
2812
9919
4276
5581
9813
6851
522
7313
8417
6929
3696
8654
1226
5322
7063
4131
2657
223
1420
1761
4351
891
9674
4620
6391
6469
7175
462
7274
6741
4289
2852
6176
2467
8582
8269
6438
2547
9222
5009
8655
155
2889
7612
3383
2935
3097
4308
8199
7690
4615
9003
2355
3151
656
8667
1610
8192
1282
8374
7552
7137
5575
1677
8099
1005
2561
8490
7213
2983
7702
7450
5388
6503
7262
5908
9509
4736
3655
7685
6046
5537
3976
4612
3084
2145
3304
3643
7431
3419
5814
1726
5323
1891
5052
7937
4594
2989
1316
1347
1100
9990
6150
2525
7676
7025
5018
5202
592
6150
4999
2025
5252
2050
6379
9658
5590
635
3381
9564
2451
2536
2051
613
6812
9354
4477
3867
2162
7275
4687
1449
7097
8605
3592
9051
5216
431
3061
9001
9761
6140
2549
7379
2546
9779
748
9452
2782
8177
5874
3363
3659
5804
5189
9827
8087
4323
2953
5564
9150
2125
1050
9921
5800
3698
4151
6364
7436
5246
5892
4354
9888
8645
3758
8119
4823
7802
2656
4842
2418
1237
7073
8116
1787
8510
3014
9229
5766
4494
163
3738
6306
6815
3166
6786
9685
5054
8859
416
8043
4918
7710
998
4996
97
3362
7886
8863
4227
9826
8194
911
3148
1540
8122
8398
4293
561
3690
5897
5288
8473
6928
1866
863
7570
9480
1689
7990
6743
2501
9019
1203
1099
1223
7734
8795
476
2769
2644
3392
3599
2613
5646
7602
2826
1375
6171
4911
8731
3152
120
3427
177
7201
387
7212
7231
9321
8979
3049
5955
3535
2804
5016
4536
6910
4964
2616
9478
9155
1291
6251
2009
9854
715
4677
7717
4696
5157
9857
9770
9721
1022
2228
3273
4027
2668
8112
2640
381
35
8303
8251
4806
8160
9862
27
5836
3252
6894
7488
7697
6135
2957
1568
9529
8533
2302
8201
3275
511
9412
6824
8350
546
1727
9713
1175
1429
7798
5882
1015
456
1446
6937
1676
5175
6896
8809
3107
9733
8967
5096
6652
7733
1816
2016
3243
6160
8843
4607
4661
9727
8563
3521
2931
6764
1450
4435
7908
3901
4182
9590
3282
8331
641
1760
788
1150
6073
859
783
5903
3279
163
4970
5306
558
4449
6013
1081
557
4585
652
321
6478
5113
9436
5637
9304
2329
1058
8164
6672
9227
3413
9391
6177
2214
1423
5030
987
9899
722
6345
9890
2613
1063
6982
3426
580
1420
4295
8806
4744
9859
2574
1074
8279
9900
4561
3307
9090
5907
260
498
5889
2185
552
2132
6437
2042
7357
4358
9802
7864
4491
9587
8664
281
2004
6675
6829
5498
5420
4963
3064
5662
8975
601
6888
6040
5700
4182
8991
683
2736
4044
4743
6832
5531
9787
9007
8478
4697
6115
8789
9697
2155
8066
6104
5842
5421
6217
1192
8282
2607
5605
8036
4335
7843
1158
8107
3895
5207
3409
9419
897
1527
8835
6879
2535
1059
265
6975
7478
193
4034
7612
9597
9272
546
8045
5010
4605
8264
3554
6825
251
7483
9555
763
1232
7738
8833
9518
2394
6870
6493
502
2686
6572
6706
4619
7306
6673
4402
1155
3096
566
9119
14
3232
2487
8688
2845
415
3116
9788
5017
9378
5927
2105
416
7662
4376
889
7956
3969
6102
4686
6599
3074
8131
4702
4170
91
8787
781
4908
9875
4644
853
5036
7669
677
902
4331
2242
2531
7312
5393
9304
8696
3463
9108
5723
626
9687
5595
6104
4368
8828
565
6669
8157
9136
7334
9902
7754
5483
3184
8939
7701
6783
8398
3339
4631
6098
9433
1859
84
703
6620
2431
2987
7646
3847
1512
9402
7750
5206
6001
9795
3566
3515
1882
3091
472
5635
5979
8814
2941
7026
8333
3155
1051
8223
9504
8277
1513
32
6699
6597
2519
6313
7206
4650
9994
540
3417
6041
2402
8211
3961
1092
5041
6972
7108
7244
6072
8040
5174
2956
512
2052
857
1552
9841
9745
862
4861
7763
4216
1401
7397
7949
4385
6657
7328
802
1225
6634
1910
8552
8658
1813
5116
5593
8689
5265
1287
8186
6678
2388
5452
9129
6964
8510
3323
7966
2492
4624
216
3771
3942
8527
7315
5708
8377
1781
3674
1735
1320
4504
8240
8992
8932
7883
147
9980
6687
8879
6354
747
3555
6808
6186
9284
7906
9325
9488
1524
2242
1970
3500
3496
4915
2510
7078
7222
9481
6417
6918
7211
9028
8313
7216
1154
243
1385
4681
2172
6973
1867
5825
5316
3496
8929
1020
8451
6075
6279
326
242
7390
9410
526
1266
7477
5221
8988
1872
8584
6942
4334
2641
1853
4280
4235
2355
3311
2010
8122
2979
7235
8942
291
2052
6176
3191
672
516
1063
9946
4848
7811
5222
1406
5052
8995
6100
8258
714
6823
1104
9072
436
1164
90
9893
4990
6144
5654
1692
5781
6439
4409
6653
9937
5774
2732
718
1687
9964
7217
6669
640
5745
6379
4124
2705
4394
5225
750
1015
1201
1644
5408
7777
1944
8848
4896
2867
9719
7560
1618
8587
9277
4344
3048
7761
3501
2091
1978
6928
9269
6095
9201
9875
3269
9897
1885
2792
9100
3641
1807
8619
1596
6974
4710
8556
6425
8554
4806
4323
6680
3053
3538
1603
4310
1573
4711
5064
3569
5742
9498
7748
3405
74
2750
5138
3156
650
1311
8453
9179
5827
1132
1904
498
2519
900
9305
4125
2018
4293
3820
5664
8406
4479
2153
9630
5988
305
8486
8425
4631
625
8699
5047
2882
4634
8413
5157
5782
7237
1093
5585
7062
3031
486
1403
2103
1566
2662
3596
9863
8949
3155
8061
6005
671
1144
2704
596
3242
5572
8091
8376
2300
2812
9833
7212
9788
9660
3949
3482
4819
374
509
8737
9369
5062
8515
8245
4022
6248
1508
1580
7854
9596
5348
7291
6791
654
9510
1168
7788
489
3027
77
2127
3168
7726
6977
6772
6327
4879
7254
7332
221
2823
9412
7418
9180
9594
1452
8556
9657
9660
7834
3754
5297
4332
9599
5438
1011
3942
7536
7689
867
8974
8352
6405
2421
7905
1828
5371
8282
8081
9960
7290
8737
693
8493
1160
2984
3809
7257
4641
6596
2364
364
7114
3699
5233
3360
950
349
5582
9494
7152
9166
7935
473
2377
2129
1203
1334
1707
7911
6666
6720
238
9174
8907
4648
6484
1386
6459
9070
4947
4391
6709
1348
6924
9487
8688
7970
9343
8682
5005
9638
3942
2379
6358
655
821
9142
8099
3562
8823
9791
6968
4085
6094
699
3300
6360
544
9099
6289
8275
9484
3137
4786
9879
1306
2741
7754
4093
7961
9122
8899
5794
6311
7889
1380
5529
7749
2609
9454
1708
6141
1612
277
3237
5047
2150
5363
231
9207
3784
8733
502
2389
4295
6215
8404
2745
6346
6660
7902
9546
3381
2339
8822
8114
2172
2377
2570
4926
2829
9346
4781
6603
3024
6739
9220
6268
3186
8963
6614
8626
8736
5794
1199
3214
6635
3336
416
528
7792
6659
2538
7172
4195
4827
6770
8961
2240
9902
1960
682
3953
9774
3925
8737
6877
3772
4132
4133
5638
9238
2328
3505
9648
8916
4650
3015
1861
1368
3927
5229
39
6428
8593
6241
5956
8379
916
2122
1186
8269
9811
8223
5014
4886
2948
9371
7526
1845
1856
5224
7440
1403
4009
5871
9768
6976
7675
8925
2431
3871
4687
5846
9494
4853
9576
8820
6589
5039
3432
2638
9782
1463
1965
4714
3265
796
3658
1267
6183
2738
7503
2591
3666
7241
8344
9692
7815
7283
319
2601
121
9441
2680
9098
580
8507
2818
1128
338
6587
9062
5950
7201
6998
6326
5952
2057
7993
3827
9009
3942
5561
3895
8534
2069
5649
531
9052
5155
7048
860
5067
5099
992
1720
1148
5881
8268
8582
2106
2059
5627
2863
7121
4692
7229
5179
8726
3892
3795
5276
1800
3331
5450
3846
3748
1161
4516
6680
9940
3616
6927
130
4768
5304
2359
4815
3055
9117
7421
5392
3898
4740
7159
3043
2114
6346
1847
7280
4812
9071
8605
8996
1800
3355
1329
7241
6031
560
2973
3943
3406
3477
1269
7881
6971
7574
6692
6421
3814
2685
2994
4626
9755
3951
1043
2487
4104
7514
7124
7600
695
739
1471
4209
1216
8559
4576
2433
5804
334
6183
1647
9372
9993
251
9144
5186
2861
5797
5696
773
4971
728
5349
7447
7228
2821
7098
6
9250
4301
8594
8448
2170
8438
5610
5266
692
7627
7269
2778
305
4340
6394
671
3449
3400
9483
3528
5522
8992
4375
8937
1149
2990
5032
7639
9531
6765
944
7765
9529
9585
6575
6767
7882
6558
3371
4172
9363
3043
8459
7590
3997
557
1557
1367
1057
3720
8378
6847
4433
9991
4322
6846
4101
6980
4223
8761
5771
6898
6632
4449
6242
6851
1730
2009
930
836
7210
5568
3469
3249
7071
9152
6374
9115
4480
8428
1915
1988
8901
8305
3276
7961
1817
6999
7044
912
8796
908
4128
3508
7737
837
6451
1908
8380
8541
3744
9262
5872
2756
6039
3559
5638
7035
6134
7071
5594
2112
7902
8509
8782
7841
3522
5576
1523
9697
9262
2579
9035
2726
3949
6140
854
2499
392
9172
7880
7243
9132
9557
4042
7867
7792
3151
1618
3432
2588
5729
2049
9438
7452
3222
8052
2209
7722
4655
6929
9373
5747
4977
6741
6937
7754
7709
2993
8965
574
9420
159
9157
8657
3401
8519
5723
1120
8051
6535
4668
4060
5018
828
6456
1424
4728
8865
5727
2501
4493
8024
1564
8522
1935
7256
8696
5293
612
9421
5851
9629
2022
8455
1011
8036
2185
396
8803
816
4953
4149
8499
5778
6996
4593
3580
1105
3543
4821
5305
4815
7499
6171
7271
381
4146
7036
1471
5171
2356
8776
9720
3444
7845
6992
9653
7466
8078
8280
4956
7392
2362
2168
2390
995
6402
9906
355
4078
5926
9481
3940
9415
2208
4384
3738
6107
2235
6509
531
3558
608
2524
748
7032
8575
8207
9368
8934
6012
3824
5351
5134
7079
832
4510
4051
6161
2642
2122
2035
5432
8569
8339
2905
4270
2385
5157
4903
2008
3675
2569
5259
6208
7764
1620
9568
6204
3764
9768
1300
405
2301
8808
2876
6210
3173
8771
7948
3792
373
1652
3908
3487
8119
8458
6870
6430
3018
4415
9481
3178
2762
8689
3002
7805
9539
4151
5016
9568
9894
3511
3800
6876
1792
5013
1698
4000
1406
7038
2662
2774
5652
6014
787
4625
2874
351
5967
354
7894
2838
6024
4357
78
5725
6857
9692
2893
8130
9957
446
938
8374
8112
7361
3262
9608
1637
3026
7560
5994
995
9334
8475
7216
9634
6359
1657
3749
5556
4226
9552
8168
9062
4163
7445
7392
7480
3149
1648
3871
9627
1634
275
5532
5963
3910
247
3757
2295
9906
7319
2075
7416
4566
8552
1244
250
3387
5045
5799
7634
1178
1338
363
9779
4985
3861
9275
1578
752
9636
4063
3231
2225
2891
9969
991
570
3847
6949
9550
9289
4872
5169
9108
3641
5181
4515
4677
5908
7864
1053
9141
3255
7843
8681
1197
4998
6163
4927
3979
7553
9227
1261
2697
5001
3425
6048
8142
9382
8872
5182
6664
6118
1090
8183
3497
6673
8874
8680
3303
1205
723
2003
1069
6133
9916
5583
6823
7129
5554
3048
9877
6526
8045
8798
2778
9283
8586
2457
5570
709
7789
1568
3495
6943
5383
824
7203
8125
328
457
818
4672
9610
6224
7350
8691
459
5604
1591
1684
3879
2398
5735
9921
1098
1
4643
3767
7602
3267
7108
7299
8371
5666
4264
2136
1454
9937
5644
2884
8527
5972
9426
4184
4795
3408
3706
8857
1441
3973
4334
9277
1758
270
7205
8291
923
2157
5939
5025
7708
6878
99
4162
3148
8989
1103
69
9962
7919
6849
6886
3231
6707
3009
8921
5866
5116
7814
3089
9288
6112
5906
3245
8448
4134
6044
732
9988
4585
6579
9485
3460
7200
1702
5522
7377
2270
4690
9651
2622
8492
7430
1062
4075
3923
6140
8622
1051
1675
8879
2293
3362
5019
5117
2790
3647
5091
598
7324
4025
3522
536
638
4435
8257
7076
9261
2243
4562
4581
9330
4312
3461
7082
9446
9977
8255
1018
9478
8537
9542
8655
1370
4098
9816
8175
4481
7382
7814
4462
417
2228
9657
9973
4124
6120
8388
9943
2734
2009
9469
4625
45
5436
5122
441
6276
5559
2375
3075
2281
4893
807
4598
8728
3459
9585
3730
5408
1630
3856
65
3111
8771
5867
1197
5423
2996
7214
718
7400
5637
4661
6704
8967
5775
8289
1996
3366
3075
8506
9647
6166
6478
3501
9683
6204
5087
8260
1647
1710
6258
3068
3852
8698
6624
6076
2443
6572
5863
6742
9931
1878
2067
3960
3555
6389
9109
9144
949
275
593
3952
9221
925
1257
8716
3478
2444
6992
7930
8202
6592
6497
8331
2043
7514
3358
3384
7252
8173
2729
7952
2401
6694
4448
2750
2293
9865
2737
2938
1262
1868
2540
8002
2980
4668
1362
4208
4595
2508
2275
4997
8422
6453
7203
8737
7012
9606
4308
8637
3449
6064
6333
1380
4403
3611
5866
904
4324
8752
355
6590
4458
9610
3143
6169
4055
8348
3330
9990
9832
255
5336
3568
4470
9455
4007
5609
6318
905
6555
3554
6512
9415
6107
2449
9742
2620
3700
8845
2212
4417
5828
8102
7936
5157
4863
190
5190
9995
2518
8873
7237
8191
7366
3
2904
8834
5695
9573
5771
9321
6854
9964
6939
7606
7871
7576
866
6483
9791
8164
7211
9707
9192
880
9472
7266
8762
7747
3878
7519
3066
9987
1568
815
827
5322
322
8317
2626
410
2644
8832
6082
1244
7360
2497
1817
801
8857
1333
6195
9907
3681
6893
2235
8253
3120
4989
6267
9834
190
3073
228
6865
1553
1560
3541
541
1223
2501
3705
2055
2573
9214
7431
7351
8787
2380
8945
3298
3410
7867
9466
8872
9433
9915
5536
562
162
2349
2446
5048
9732
989
7243
3910
5566
9863
3053
9641
3082
4032
7480
1852
3587
3190
9973
9438
3905
6507
1947
8451
3384
3830
1861
2948
1276
9438
9803
6591
7590
834
7780
3618
2118
2265
8619
593
5445
7181
4009
4112
3615
5171
8613
2159
2090
6794
8891
2280
8718
85
3334
5159
3170
4322
5614
4140
3518
3494
4291
9730
9429
9654
7263
8878
6849
1052
179
949
2695
3554
7928
3561
2866
6851
2703
2828
6947
6678
3120
6669
9239
8808
8256
7030
8567
9308
7957
421
4472
4155
5647
7672
2744
8619
231
2306
6033
3203
8020
8778
316
920
7027
9144
7787
6851
938
2151
1691
7123
7549
514
2076
5081
4334
8417
9290
901
1490
1947
6618
4026
8845
2328
2423
691
8253
7216
6402
5259
2807
8996
4893
1648
717
9001
7693
8657
9242
6152
8674
3708
6589
949
4990
3432
4263
1666
8054
5135
7070
4563
2153
2863
2821
5174
5119
8351
9512
131
983
1959
8794
8080
9033
3375
7103
9515
7585
4152
8235
6050
4779
657
7570
7261
70
9570
6694
385
9684
7503
7377
524
5539
3966
6784
1817
7934
3579
3688
2884
9167
8118
8183
2981
6161
9412
200
6887
2331
4493
5584
2394
7816
4281
2815
6062
5191
9765
7568
6012
2435
428
1984
32
9696
6963
347
5606
9836
5964
7819
6815
9704
3886
5372
7524
5373
1226
5665
1762
1401
5727
9010
7954
256
710
4677
140
9112
2787
9819
2226
7090
996
6096
1195
1766
1639
6780
1403
1223
5691
9449
6754
4822
6035
6210
2310
6854
7488
4525
729
2378
2725
7840
3536
4050
8270
9187
6482
1389
1646
2060
5380
4760
4737
3734
6332
7808
8505
7248
9731
1680
5438
4076
2744
9883
1664
7562
6834
6805
4733
645
2117
8524
2230
6414
5309
6213
1193
8151
895
355
6966
328
489
9603
6500
4753
1141
992
7311
8750
6618
9778
4222
5160
4876
1907
495
2834
1438
1067
1679
1419
8543
18
5652
737
922
4229
2262
7941
9640
3548
3141
474
5208
4858
7124
2899
1445
6996
1803
3645
9741
6269
9576
3815
98
8334
7623
836
5501
1136
1035
5980
9691
3954
9333
2548
4852
370
8410
9356
8798
3552
9111
5292
822
4962
184
5166
8559
7343
9769
7596
3521
1982
3391
2712
1240
4912
2829
3507
181
3152
8993
1186
1352
3499
4201
1575
2902
5783
2487
3665
939
7341
5274
50
1672
9275
1206
9492
7521
6787
7274
5603
9953
6475
501
2671
8840
7911
9777
8467
1543
2160
7404
6245
1235
4922
1258
1856
7810
3973
1027
4980
7415
9403
9039
3963
9776
37
2988
5230
5307
8564
7205
2396
7815
7199
3889
4462
3753
650
9516
1278
5254
9260
9795
4592
4035
7214
6769
7953
4569
549
3330
1988
979
4547
3790
5609
4239
4269
7331
8458
4542
5087
157
1551
6919
7921
572
8490
6923
7807
7070
6446
7717
8816
3672
323
759
6020
2928
9417
8553
7107
9065
4075
3395
5398
7957
580
7821
8354
1210
2333
5989
2030
9313
7985
6043
8091
8816
1901
4947
3953
9834
203
993
3282
2852
3546
2851
8514
6934
1405
7202
2153
1219
4905
8446
7630
6299
9866
6668
5892
8707
5324
7036
5553
6205
5918
1165
1245
9907
9537
2126
5469
367
768
4476
2964
9267
4326
983
8416
6476
5506
2662
6784
3023
7215
6329
2367
346
1263
6428
8315
1523
9122
2789
3043
2811
6978
1138
5023
4120
4215
9148
685
8075
8898
1592
1432
1383
9368
7320
3586
7670
2202
6782
4823
4459
4885
8541
5442
1346
1060
8288
6006
2428
9791
8378
2114
7987
9345
3972
2328
3545
1538
500
1413
6213
7105
8683
7204
842
3007
9957
1526
4325
1543
4882
22
118
1840
7832
4791
8895
9175
2663
575
2279
9981
7419
1608
7915
4342
9195
5948
4323
4107
9571
4675
5894
7919
4514
7688
3859
4492
7749
8497
8334
5218
7549
3058
1423
9704
1845
2930
1413
7504
47
9493
5955
3241
9931
6977
223
2410
5920
2934
4450
2881
1557
3948
8230
3322
2642
4633
8827
7299
1911
6649
8690
1496
9958
7856
4197
6596
5660
8131
3032
2469
1468
1142
1479
307
8850
9184
3430
2036
3007
790
8880
7112
8156
9838
9043
7593
9867
8584
8031
2464
6052
447
1034
3879
5324
656
8985
6440
3236
4915
3524
4383
8532
1991
7374
6321
1869
8798
9098
4372
8685
4613
4564
1129
8513
4338
5474
290
5173
8094
9276
1342
2268
8231
51
6189
1319
3936
3914
3715
9961
6547
2415
7866
3528
5004
4339
3013
9588
3487
6362
8082
3477
8869
6839
3220
8531
8612
8057
8034
2173
8287
4097
6558
6234
9222
7976
1997
68
619
690
8206
9041
7357
1458
9321
2614
3059
7823
918
9001
6908
9159
5189
1826
6556
2330
1638
3278
2150
7468
1880
627
8209
2173
2807
8983
8372
4586
3683
6970
1971
180
3826
4558
820
8189
4669
3411
6211
6352
7280
8543
8529
9497
5484
2301
567
2974
6902
6399
4755
7294
2528
2903
6664
5093
9344
6840
2345
2272
6465
3438
1377
3403
8058
6240
247
268
4520
5115
9394
5764
1860
3516
5484
8055
4603
4575
6468
5997
3106
8615
1569
5720
5809
8743
878
2356
4702
9189
1449
1910
1736
3147
163
4894
6172
9214
4528
808
2920
6692
5851
9475
3403
7003
2529
7622
8339
8656
3011
2156
6022
8637
7310
9836
2129
5099
3502
6908
1286
1223
7196
9487
9662
4990
4493
4584
1867
3132
4680
4086
5510
2227
4964
7676
554
1813
3188
6425
357
4790
9706
5622
793
1732
5045
6201
1672
7492
5397
7280
7056
3126
7273
5102
3688
1629
9415
4906
3011
8497
6077
7519
246
8680
6001
5250
8811
5864
9355
6653
9158
9392
1931
7308
5271
5422
5153
9074
2641
5991
5539
8789
9375
2165
230
130
9011
1078
5390
9176
5914
4579
4246
1781
3664
639
6532
2435
2541
2047
1661
5876
9348
2807
1639
3444
8465
4284
2224
4657
2455
7479
5750
7965
9088
1935
4599
3286
8264
782
1970
350
1159
205
8166
4198
2585
5418
9412
3824
7336
4090
1792
1859
1788
6080
3098
2174
8088
4652
853
9974
1246
7698
8041
3482
3523
3446
5879
9907
457
4966
2754
8176
656
6779
1142
2357
7241
1798
1991
8510
7475
4328
4317
1213
7290
5505
6251
1906
1978
77
1951
9428
8611
5949
5124
7158
2781
8804
1784
2264
1291
6044
1176
9948
9604
6093
3609
9716
3689
2667
3608
4134
425
3575
3319
2719
8893
2222
7920
6239
9950
2253
7094
8304
104
3422
3258
6231
9567
537
7661
6423
7609
2212
1576
5583
652
5247
3200
2684
9300
3404
985
2129
9581
9619
6519
8532
7113
2187
5918
2489
161
1870
1121
3428
815
1123
8102
6386
6488
1456
7574
83
1034
6247
6016
855
8641
4374
3266
3608
7399
3824
1399
8902
9054
7497
9148
9322
3100
1379
4564
3272
354
4823
4521
298
1208
316
8811
5956
6785
1379
6228
1797
2102
5496
4469
8110
7966
9143
9257
470
7267
490
6681
1785
7391
7549
6327
197
2706
1627
4556
3002
1970
5338
5721
8279
6132
7495
3151
5183
5382
3318
7980
1868
7540
9156
1991
1421
2602
2394
4094
6820
8843
3608
256
9053
5466
8460
4348
8740
2313
5358
1309
25
4836
7331
6274
3073
9340
4291
2976
8582
9253
6718
6845
5346
156
5264
4674
7094
5081
8156
4537
9237
689
8776
9738
9672
7259
9151
1397
2186
4833
93
2045
4100
8698
3853
7100
5751
7145
3130
1947
9312
6066
2513
357
9851
9140
1477
1574
4442
5511
3061
9796
7974
2119
8231
2624
1246
5894
142
5567
2326
5420
9025
7214
4022
9374
2792
7024
7309
9806
668
9023
3580
8364
5544
768
8039
4187
8125
9941
9493
1812
5272
1540
9710
1896
3597
3398
8774
8075
4857
3360
5631
1177
8181
2777
5622
9330
7614
5107
7908
2921
2587
1493
7231
8226
1660
541
17
835
2184
8276
2122
9285
5277
6493
9462
7333
9025
3447
878
9991
5877
6187
8275
4549
8917
3140
2189
2405
2326
1785
9052
319
1177
5748
8459
7512
714
8733
2858
8420
8873
1208
348
7040
2014
925
4646
4960
4936
356
5506
7704
8781
7480
4005
2984
1017
2082
350
2420
475
5276
337
2020
1172
3742
7195
4940
3610
42
2493
834
5186
3074
4149
9651
9279
8036
2023
9432
485
8895
5081
7094
5309
9445
4099
8450
843
5752
7220
2362
773
8776
446
6468
7169
7387
3997
3960
696
5465
1553
9096
2123
9658
5131
3003
8077
5820
1054
8667
5213
8306
6844
6460
3224
7065
2677
364
8925
7877
2535
1113
395
9230
7808
2039
4409
6706
6094
2748
4154
5900
6573
1628
3358
27
6743
1953
5185
4668
5791
1378
915
8299
7191
449
3115
7482
4329
9613
3061
9455
1446
8593
6758
9789
9339
7521
208
893
8225
4232
9328
844
8608
389
1054
2811
5460
8935
5967
1384
20
2955
1043
4200
4308
1181
9734
3220
3588
2350
7806
7669
9115
5379
4284
7408
2481
9954
5130
4002
2320
312
964
8198
8397
8641
5024
3340
4294
5036
6019
1106
6109
5003
8771
170
3413
3301
5661
6146
4392
1490
9685
7563
8272
1263
5388
7894
685
4772
8031
8577
6791
6839
6922
5567
9540
2068
3003
1822
5035
4174
3388
1413
2727
8159
4209
6523
2211
6516
2495
8296
3388
2635
3392
1120
1838
8673
1755
750
19
8695
3511
486
7289
404
2396
6223
6765
6487
5140
2166
441
5079
4132
8452
2431
2992
4661
691
531
9397
9501
2966
2049
100
9235
8493
1553
9165
7554
9326
8775
9679
6450
6566
7893
8396
3287
1419
2316
6171
1181
1596
5564
1212
6208
6444
1864
6287
5048
2698
9809
5846
6281
8620
1528
3875
7562
4327
6913
8074
3405
8748
7155
3996
3100
1765
9443
5371
2240
9495
2251
1369
6077
8084
2221
8515
6067
4485
2228
6017
4395
8490
6218
2541
2875
2394
4254
5531
5265
2483
5033
5750
976
5113
793
109
5150
8957
3895
6054
9046
1765
6855
2836
4843
3408
6245
4399
1812
3654
8518
9847
711
8167
4570
3689
3360
997
5350
1776
9924
9389
1122
3027
9435
254
9001
7819
7574
3481
779
4948
4605
6037
1139
5483
299
1771
8122
6753
4875
1237
6932
6532
9844
3268
5833
7498
1081
4446
5335
2460
8705
1365
9104
1689
8294
4399
4376
4130
494
2498
3474
3691
9221
3648
3962
3985
6411
4525
6618
2335
1353
4855
1387
2228
6188
4309
850
2314
6653
4259
6158
8603
8095
9306
2053
4645
3323
9079
2599
8967
4743
5100
2613
6382
4150
760
3002
7846
5882
9867
8520
64
2176
9476
6504
4406
3744
6229
2765
2116
7880
135
494
6365
2811
9110
1848
4063
9458
3020
6524
7551
6005
6737
4140
3171
9874
4695
354
7723
8288
440
5791
3707
4223
8002
2826
5340
9473
917
3
4731
9351
4248
6673
2292
3094
5004
7357
2675
1512
9895
5956
497
9792
6641
4988
6315
1053
9873
7558
2110
1415
4887
7617
743
9752
1612
3414
3017
7284
7570
7732
7191
6084
4840
1806
2081
1770
8828
8204
4443
9708
8200
118
1065
3131
3521
8446
1267
760
4173
5387
3965
3212
571
3015
72
6352
3463
4697
1416
8334
6090
2328
8324
3385
2911
518
5428
6241
8763
2798
5138
7615
4148
7158
7386
7685
8052
8970
1418
4151
8501
1185
5312
9485
3907
7445
3631
1098
90
3492
4731
8123
6779
3023
562
5953
4499
7284
5929
5346
3970
9910
6603
1942
3120
4925
4631
2361
2691
5952
5180
3977
9653
5102
2553
9852
1
1246
1485
1055
2753
7112
298
1315
4075
6132
328
2386
4897
6891
286
9502
4753
6294
1161
7440
7136
5488
2302
2069
7165
2659
4988
5267
1374
5976
2671
2732
1093
8435
3702
9761
684
7689
1527
8353
930
1600
7335
2976
3515
2514
2492
3635
4473
6631
2688
5930
5332
6074
7189
3729
7903
343
4402
7650
6328
7220
424
5770
868
3497
3110
2348
1546
6889
2263
3533
2992
4298
172
9280
7953
4805
359
3422
1982
5164
314
4841
3498
2676
508
683
9418
27
4596
622
9734
5800
5734
7062
6308
548
3439
230
6097
2331
7530
5302
2801
177
8255
5093
9187
4097
8
9757
7370
5655
4156
3749
5860
8418
3031
416
3767
7430
5421
6432
4538
4063
8811
9266
5486
9042
1387
6067
2024
3087
5399
1090
9163
7819
2956
3688
4184
8113
2309
6479
8228
5867
8579
7057
7839
5159
8669
519
2881
3042
2966
8851
3363
1050
7714
3113
8570
5655
8115
9730
5101
7842
4480
2955
2174
8558
7544
2572
2101
5645
1438
6844
3134
9381
8875
3674
9928
9953
9279
3150
2179
4223
1846
2414
5896
1861
3935
7324
3930
5926
2930
1264
6660
539
6714
2719
1973
1884
6087
517
5420
4203
7818
5553
4465
6388
3746
4864
8491
9463
8841
3492
653
3603
9930
673
3377
5744
2801
9355
7551
5089
4629
3287
5559
2643
4162
3319
1345
9868
8019
6893
9391
2838
7266
9307
3429
2218
5480
4027
3887
5835
1986
7535
5773
479
6993
3551
2388
4265
2869
1478
5446
4090
8245
3080
4264
8518
8870
4993
2278
4765
1072
5253
5410
5869
3602
179
5405
140
9275
565
9336
7066
808
8606
122
5544
8023
506
5583
848
378
4738
4903
6727
9749
1750
7651
2644
176
3249
7794
3784
3454
2947
1805
767
2263
7177
8121
1000
6947
7667
7228
5894
3770
3383
8906
2237
6623
5251
9786
5979
7033
5259
6589
3270
5698
6660
2955
7830
2887
1397
1549
3011
207
9280
5080
8658
1604
3816
6709
5527
1787
7818
5002
3211
3319
9507
8780
3202
5544
3784
4207
2319
7199
2463
6191
7248
9827
8167
3242
9122
6452
2239
9060
7176
1606
6700
7435
7477
8188
7622
9413
4861
2420
8318
4646
5304
4127
3449
1171
9411
2572
1355
7021
6807
5370
71
7633
1355
3867
5388
2769
6583
6908
5272
2138
5127
6708
4973
6883
624
719
3224
6198
8699
3513
7038
9577
5087
409
4738
88
3004
9003
325
7934
8377
1510
9086
6995
33
6887
4752
3302
2233
5122
2497
6092
2829
342
8238
2871
3191
9
4597
3447
9173
3950
5243
4926
1971
7189
2697
6409
5445
4043
4272
7400
5310
4862
8571
7578
9002
4515
581
739
6828
474
4450
6150
3998
4494
4990
4269
7682
3961
8443
1293
7488
8677
1818
9396
3456
1194
7193
1356
9796
6149
8217
7829
9288
789
2815
5739
9257
766
6835
9952
8674
2712
6629
7477
7372
317
1567
3916
7264
8408
112
2244
198
6132
7711
9401
8426
841
6862
49
3897
2971
962
930
7706
2921
501
9166
1160
3149
7977
2827
4857
4982
9834
1435
1140
7317
5767
3242
7011
4848
2519
3902
8711
549
8001
9685
6379
505
790
2100
4684
9934
9202
5678
4937
8683
9448
9804
5491
2011
8766
1300
9724
7544
6804
2844
5144
3018
6983
6265
9771
2134
588
4872
6372
8218
650
1230
6345
982
8149
9540
122
2623
1310
3081
4488
8441
4249
528
3543
4197
6330
7018
4201
6616
1473
9672
4610
6018
6140
6752
561
6694
3407
7506
9825
3850
6679
4502
7155
7858
2059
4502
1753
721
1121
1642
136
6101
7156
6374
4896
9145
7948
1308
6852
2786
3802
713
5377
4260
6015
3023
4595
7581
3117
7420
3197
4251
9465
9879
1926
8945
98
9857
9093
3424
8650
6457
3477
3986
4244
6755
6177
5475
1230
6557
9277
3162
5955
4703
4534
2204
509
500
2677
4456
2985
3009
2601
2695
9548
5857
9242
8090
8715
7976
4621
3234
4433
5867
4614
86
1769
2766
3687
3613
1770
977
2872
890
5799
9760
7832
4471
6936
2641
2842
3379
184
7318
5937
2450
2588
6800
3798
6716
5865
897
7837
4429
3693
7655
7245
8754
3658
9431
2536
7808
7721
4818
4794
5742
9196
5020
7563
4739
5048
3646
5889
2468
4682
4321
6121
7775
4209
1166
1443
6684
3922
2353
9895
8146
2156
6968
2832
8109
7433
9385
5299
589
75
4495
890
8614
6288
9728
6537
2498
8164
4476
2054
5932
8310
9217
6053
7134
2651
7939
9245
3970
5907
1638
3959
1829
6390
1763
6890
1332
6384
2037
1443
6263
8441
9170
3136
4910
5102
5037
8301
4009
2180
2522
2247
8335
9050
5965
6176
9229
8081
9191
6705
4580
9739
6897
251
289
7174
3718
9285
8727
3541
3037
3332
2147
9692
418
6907
4837
7062
3635
2126
1589
5467
8591
2133
4503
6920
6661
4955
1224
2587
4494
5105
7666
241
5488
312
63
2768
7451
9962
5520
1304
7739
4786
8317
2905
7513
6401
5528
6400
9009
3796
5019
5626
6665
6139
358
2148
8043
3056
414
2833
7578
5595
9811
3971
3196
2135
232
4300
4943
8977
3922
3697
5868
501
5458
2684
8827
1492
3896
788
9247
1102
1156
9840
8549
93
8877
8862
1201
2308
7237
6903
16
7009
957
9510
1496
8449
3267
4754
2395
1067
9074
5327
8351
4766
7820
3224
595
9294
9541
8730
8667
5205
2625
1910
8704
3658
532
8506
2176
8061
8278
9864
2435
3036
8630
9144
5035
6658
997
1055
6703
8504
6616
6260
3163
4263
967
1406
2489
9134
104
4125
5173
2190
5160
8057
4435
6542
104
1876
9146
8661
9566
3523
9283
5660
6957
2167
5167
8987
2356
5130
5069
3032
3545
9878
1750
9860
3001
3873
1309
799
9413
469
3259
5311
4309
3362
9488
4042
1403
