2000 2000
1523 1498 31675
1896 474 81043
622 1142 79291
1779 1425 42655
1135 310 66072
1106 1221 61732
266 509 6967
724 1949 91846
408 609 57824
39 632 13165
271 558 94849
954 845 848
1106 528 57294
1410 250 66086
1764 502 83235
1666 1960 2065
901 1097 72867
1122 151 52254
222 1343 36232
482 579 90225
662 239 98576
930 1841 83036
1128 1473 16667
754 237 43640
667 1443 63267
1026 787 25708
1117 278 34439
941 422 66951
1412 602 46199
443 1774 44891
1722 235 41729
1615 731 27853
720 1651 86975
1689 1210 23801
1684 1567 99369
1916 1136 74607
761 1254 24599
847 570 92803
753 399 43483
259 1120 11975
809 463 71776
589 1477 76534
416 1969 56991
1549 856 7629
1487 1999 330
1054 1045 71777
1266 1121 55495
1935 1734 67011
1425 1012 53420
492 1597 51247
152 1048 27556
899 486 92955
755 1429 94417
546 1152 15898
125 1871 23002
1432 1816 86705
523 1224 11159
215 1241 38508
1931 1278 51233
1563 419 98605
1024 1727 37584
199 1641 68292
1669 22 60326
1542 438 75030
92 191 49341
820 717 32207
956 1242 5535
1385 29 85902
1521 85 8435
631 1838 68501
1951 1914 1584
1884 621 62270
1118 961 36802
1161 907 64879
1150 1798 12614
1875 1857 47512
117 1312 18891
958 1465 94994
1434 1728 20644
1187 940 67601
42 681 57317
1004 1428 13602
77 741 48403
278 155 1042
834 1103 8206
332 767 86392
1716 1876 98243
273 451 75384
650 460 96243
1065 1215 33583
1730 388 62169
1975 1573 81117
749 701 64911
1428 1064 36073
1293 1881 26381
1812 367 19604
424 1053 42827
906 1662 95990
188 1778 22606
426 135 70817
548 1648 80821
1510 922 19643
1083 1530 8727
1696 80 75295
1551 1238 79504
1540 163 49091
1960 1603 79734
1695 703 71618
1471 1373 42156
818 572 56626
1500 619 26786
1570 1929 54321
844 24 44935
1013 111 60382
1984 709 1170
513 1769 94409
961 1289 54433
892 1940 13514
1946 331 73863
1680 1429 24500
789 918 47087
771 1042 41507
1345 1314 81185
1567 777 28963
1052 511 23451
1261 1870 33706
1877 1664 1244
1215 593 1288
373 162 62281
1998 703 6471
400 474 21810
1804 255 76306
1578 720 24490
332 713 65505
676 131 68841
291 1332 79915
144 583 49541
89 1568 97603
1391 1939 42784
390 1591 53592
1110 1657 6587
929 1371 57182
226 1734 46874
1533 583 24230
36 644 39696
940 1996 42206
1437 902 84441
1866 878 4934
941 1034 35522
348 1898 91775
654 1681 28785
1029 154 53153
888 1390 27554
1324 1230 229
435 219 45753
1452 1637 97468
322 667 86327
1479 884 77014
560 92 59345
1884 496 17760
1447 1225 60473
355 1463 5468
1189 159 71417
1889 1075 23447
894 632 65168
827 953 77195
482 614 71565
272 1746 85396
164 1841 82115
1914 1594 87850
1879 1956 6380
189 913 32124
1292 1805 20389
1748 1286 52965
1135 328 20278
1795 1364 95239
1699 1169 53879
1112 1820 46104
816 572 89324
1486 428 93433
1481 706 46256
584 513 62129
485 1531 91655
1303 1175 67031
596 341 34096
1389 225 5379
1088 1454 63894
866 975 90969
48 1880 8396
349 1072 79907
332 811 1612
306 1464 94443
1516 814 12266
597 1105 61898
1449 988 26177
199 1947 54208
706 1173 63967
1871 494 95075
252 1409 52889
419 1762 17141
663 1072 27610
202 1927 8194
1346 1521 75349
277 409 37689
463 1115 53295
1880 1544 45776
1246 1690 89264
1052 178 7648
478 320 61834
1952 926 47995
1978 20 24593
182 1526 38942
1610 419 64592
1052 105 5391
643 1408 9950
1144 955 24734
1301 333 61542
1447 583 72666
1357 1912 87751
1575 1778 16053
319 707 13022
1253 361 21555
1329 1866 30594
1622 1277 96675
836 1937 62324
297 1283 31049
1565 655 77721
897 1100 70370
1191 1620 74074
1913 1565 86904
1272 264 19231
42 1912 21466
1948 791 14214
1696 445 72737
231 1358 98809
1498 1917 86681
806 966 92593
1407 877 55318
501 1298 78452
1764 182 88180
1629 1408 89236
336 1142 15710
470 775 93584
264 1083 58464
581 1034 45017
1305 1064 78598
79 1387 77649
795 749 64456
271 1499 92455
1574 1369 74646
492 916 78291
1852 1120 91114
516 542 47041
590 1770 24279
620 15 22499
1792 1156 95500
1878 1229 32262
437 167 733
1556 1418 67571
175 1785 7780
1787 291 32909
1959 126 76218
1589 1792 6282
1268 1961 4242
176 1488 24856
1273 1671 99190
1145 1395 99704
43 1667 81651
1944 1937 75738
1532 510 31533
910 336 10584
1379 298 9496
223 472 97338
586 576 94138
1698 105 74025
921 1220 34473
1332 1441 74017
1802 130 53134
1723 773 45808
407 1248 26706
827 701 41149
963 796 26249
1072 1802 69379
504 1617 45607
254 206 12271
1768 447 18224
1123 1762 29227
1425 1292 67162
656 611 50891
989 584 15978
1101 1542 25434
1912 490 91551
406 132 43992
1071 1924 50846
1701 1121 22127
428 1875 89135
762 1092 23524
1515 408 85057
355 281 93225
798 1957 68145
424 72 52632
1911 321 3718
1072 864 90600
804 341 41693
171 695 33817
620 163 87470
1718 1218 26123
1202 862 99579
1131 1852 43706
717 1715 37118
300 1396 97269
1009 176 65097
753 1663 16639
1277 1044 29747
14 725 30922
1955 862 44086
951 1038 38464
1846 144 42921
1296 236 53163
1415 683 52637
1284 1716 69910
916 1653 14704
1701 242 77466
1866 912 55124
1913 1896 99075
90 1309 70189
325 1062 77342
629 411 65496
912 894 75116
1907 1819 22397
938 239 23968
1156 541 90910
1075 801 28459
953 645 66003
873 1218 16397
1667 776 81466
1447 853 89433
464 1904 21939
1372 1262 29558
1320 1087 94991
1617 1893 77757
520 301 37813
1393 357 25695
1095 225 77114
1705 644 241
67 1617 83268
471 1628 64016
1748 1080 33493
1921 599 96314
1149 1027 97126
192 1172 67440
307 958 5557
1133 236 58784
1255 1027 18951
1742 554 88286
1191 1798 99191
1727 59 55660
123 335 47992
556 923 30402
62 1985 10586
1973 1147 45167
1382 282 52439
1901 825 54315
1848 1073 25712
316 971 94257
1338 446 45214
105 1351 23978
463 262 75228
722 981 1747
205 1037 15624
532 1810 77535
552 192 75394
470 374 10399
1148 1967 16456
168 1129 21316
833 96 8575
744 927 60964
1279 1155 14609
1879 1262 23784
1061 1880 34762
1974 183 99959
1594 1746 84683
1067 758 29739
63 1250 80758
66 249 63515
1274 592 17727
1533 163 39846
164 1814 24553
1254 1064 24942
1989 1903 64652
1427 970 22132
317 1296 11051
1884 1900 69313
1045 1430 17290
628 1759 16036
898 1120 6240
722 383 97375
542 1441 94569
1876 1465 49646
336 542 81940
1663 178 7437
1053 358 39817
1265 1180 86268
439 21 50600
394 1159 58993
237 2 78924
1263 533 35359
419 172 82208
1575 861 77237
1082 663 19466
509 979 50376
1962 222 62159
1084 1936 13110
751 605 97022
340 1348 74155
653 239 1093
1972 1898 11957
1744 940 59902
595 1494 89504
120 424 87320
513 1389 60982
118 353 20019
1784 937 63180
171 1587 58913
1977 1789 71533
599 919 95133
760 1244 77643
599 1234 27305
1561 727 21591
537 1724 90478
20 1207 88799
1137 1329 37608
1300 1293 85277
46 739 41083
1879 1758 48749
876 1672 43213
1398 481 21572
107 1654 3752
442 1260 42457
1618 778 45046
997 929 54487
711 980 40746
88 404 34702
1893 1433 13536
648 1055 20347
1827 795 31821
1005 1313 61649
316 1089 96309
1037 977 51486
538 1398 68239
890 1011 30418
790 1102 36476
1878 683 64664
1370 558 52759
1922 1736 75184
1336 859 84726
511 1860 94881
450 1808 12716
502 985 57606
189 59 67885
636 524 41988
414 1324 14631
1905 1168 55770
93 1970 32240
990 1923 68134
1454 1662 31053
88 1358 83946
721 23 49016
840 1368 51347
1052 412 52400
457 721 24015
1658 1285 98142
413 79 41862
1920 428 11806
352 1297 7911
1163 1378 43141
720 1165 88341
803 932 23213
1578 1908 667
174 468 44464
894 1651 8533
1981 34 69004
1955 1532 49981
1832 1312 92699
1504 1168 63765
1650 1320 72364
535 600 85176
350 220 94372
186 1613 94980
1458 943 94236
655 914 45109
93 50 89624
1105 942 27195
170 209 23443
286 1016 90266
1524 781 60402
1568 384 26541
831 92 88355
1478 48 84632
320 1629 16430
1418 1362 4447
1137 1580 91959
1752 576 33
146 660 39930
1157 1298 98875
435 270 11869
1935 1543 14537
304 1851 61764
293 202 85432
682 1084 15588
1977 743 44243
1379 1955 46280
880 1681 14658
1917 1603 86503
1894 1039 99224
1542 184 78434
1704 96 87205
1167 704 19460
1084 648 16584
578 1600 62417
1442 55 94493
206 1417 11199
1638 1180 55813
1797 1635 54753
214 96 11271
702 341 50041
1019 142 78424
1797 283 31291
714 862 31735
1621 1190 5913
1281 515 64972
1198 1682 75339
401 1909 59885
1996 661 46226
312 976 4226
1632 1429 43009
805 240 76097
1426 264 27016
588 687 81109
616 515 45638
1565 1900 48737
1092 941 6098
249 1538 42001
1882 1009 74966
1560 413 99726
160 501 80937
1877 469 25171
1124 668 11200
1089 751 70480
163 1045 27776
1507 452 48593
1917 1051 47511
660 350 15157
166 51 35053
1135 1644 97118
1843 1730 7617
822 1190 55257
1199 779 29781
1102 1567 54823
1570 556 72600
1213 863 89732
1011 249 52326
435 1662 26907
546 47 26311
1597 288 64497
1591 1203 26588
119 1715 24589
885 436 42820
1346 1393 24615
1562 436 38628
447 239 86052
17 261 54816
1550 1873 85610
1876 1516 78473
1159 1809 47898
700 384 30413
1147 480 76959
775 144 1425
296 756 82606
1362 1290 97174
559 1747 89739
1344 225 96443
716 1367 63490
918 1440 15448
1578 1038 90527
213 319 67588
780 1535 34648
1107 1922 58489
837 1305 7114
966 1640 11072
1573 1245 71854
1568 1375 16984
1917 970 35858
191 852 88402
270 1758 78951
1199 94 23293
168 1272 97392
841 1952 8326
855 332 91756
1665 1869 29933
442 1697 21562
1981 579 48239
1558 1220 83381
1833 101 31662
796 374 16547
1678 1964 14238
749 1717 80624
937 933 98852
1594 167 24466
474 1085 34930
15 89 68179
888 1029 66893
1245 1130 52856
1955 1767 39975
343 1046 7074
804 15 35149
1663 717 92017
536 830 21224
418 895 85748
493 1221 23031
939 1905 10577
1287 699 54156
971 609 48520
1013 662 69973
1177 659 31417
1692 648 49875
123 173 46304
1643 121 47589
949 897 56916
950 784 53593
1684 301 43162
1733 943 3994
1445 941 21019
637 1605 36828
792 1798 24829
650 943 33245
1344 1207 35266
811 1539 7791
1048 1419 84289
999 644 1183
927 1929 5540
80 1160 64755
182 77 27216
1423 1187 21447
1287 1740 28585
1463 1753 28818
1470 1332 50208
995 1022 17002
1620 718 28806
1554 769 97282
1085 1058 69737
302 765 8053
1518 1937 49913
628 917 21616
1756 1333 86320
1585 1391 71193
1237 1550 52558
107 311 79920
527 1872 40358
52 736 63186
503 678 87043
1773 1928 27977
499 1980 22011
20 1700 81042
1326 1150 88179
834 878 15052
1448 1810 15249
1569 1288 17091
202 426 9575
692 1554 75786
998 1699 84895
1588 1760 65084
744 474 63297
417 1133 20647
324 300 18879
1749 1538 23326
1801 624 55603
944 455 9461
993 1337 59177
670 1805 62505
1172 1620 9665
1642 461 9918
424 1895 78938
1922 1056 65359
143 602 45661
785 317 16147
452 1837 55993
231 1233 36489
1722 1358 77406
936 121 86718
97 1167 12203
658 1992 1584
366 1349 58716
1493 1598 81018
1606 756 48555
220 965 74817
1423 1555 3218
1961 1338 44341
1548 250 21206
1443 467 56115
1027 343 91006
141 1893 33578
1463 1826 39862
1668 1094 95305
1909 71 3709
994 1268 35571
1773 919 91725
1952 1912 39554
167 1067 18872
307 1600 87568
1838 7 19536
1089 632 85979
324 1564 98155
1490 1239 38622
674 1782 75439
944 1222 958
1372 439 11630
700 717 50159
770 24 61376
86 1681 27461
1358 553 30005
1628 827 94647
1380 961 4577
251 956 50419
1868 865 63099
1381 1200 9243
1349 1811 28220
489 344 68798
966 530 4634
977 1480 11566
783 115 59057
1656 1497 56521
711 1536 61031
764 321 68054
27 605 64879
523 1937 42935
443 523 98127
633 683 16993
1536 827 44336
6 39 68700
656 1178 2966
884 1936 50141
626 685 51653
479 1018 10484
1723 1730 73691
913 1829 97282
1753 1876 82856
903 1657 94419
907 1245 16014
866 925 79671
1403 1454 68311
1129 783 14601
1050 1988 12786
1022 901 55456
1055 369 32243
63 1800 94295
1201 183 71908
682 67 28522
1515 318 19155
1340 1633 47089
1400 1223 47865
1992 1413 36169
1881 564 61914
1439 65 78804
1256 850 12293
1366 479 43550
324 755 99541
729 1105 13697
435 381 50514
1153 1629 8426
621 193 23408
1884 151 35448
1634 1074 96558
1184 968 53678
45 549 14732
1608 1972 81647
1766 1891 75253
1215 1149 77442
345 1174 70899
1387 1982 73420
2000 738 48486
1398 1060 63546
580 1728 27845
1251 1828 95962
1204 1234 7183
1470 222 23574
819 1921 72460
777 409 28926
1557 671 83686
314 1741 25842
1795 224 91753
1135 176 65611
1663 1582 95029
815 819 4118
140 1362 34019
1964 1108 10916
135 862 63336
1676 1068 67240
268 410 34135
501 544 66329
997 1985 1690
1714 1795 92400
37 997 41210
1736 1332 85706
300 916 88997
1231 1715 28914
969 1878 57335
1575 151 80011
1759 98 80590
1007 1427 56341
1145 775 92833
466 1189 47248
1230 1136 24826
1184 1781 37425
843 720 698
273 605 21015
641 1037 4407
719 1811 52706
1827 1685 30779
978 1715 65460
252 221 70785
144 634 6303
1670 1295 93271
1373 827 11796
931 1681 33832
154 558 59719
1124 648 69428
244 1126 82872
1807 540 26433
627 1202 95936
888 1858 80641
1108 1881 60711
167 805 59051
576 911 96393
277 1901 70429
1717 329 59915
861 1437 28663
1454 556 28732
1626 715 34660
1679 78 40669
1275 1455 62476
1445 796 42766
317 1277 11599
1753 1686 56026
412 766 44399
755 1340 46713
646 565 3729
641 1942 61198
266 1591 55184
1557 686 58938
697 591 98610
1835 729 52493
1128 1478 699
1916 338 17807
472 1990 55434
1551 951 71890
495 256 48419
1323 1919 83353
1713 301 71056
1406 339 11744
1285 531 48061
304 1656 30958
671 1920 8
199 1637 30024
966 1688 99739
1648 1156 30132
1402 567 44847
157 326 60192
1313 1712 55599
75 492 63439
827 49 9801
368 313 69822
472 1150 3068
1069 467 56454
1326 219 32785
699 1537 51649
1056 1939 28893
1190 1749 80151
14 593 58522
758 1141 59178
1168 432 15772
1093 1309 71239
234 53 75544
704 1646 82037
1940 1632 86225
586 644 23839
1565 647 13369
754 516 86178
536 1712 98759
1710 276 96379
440 1512 39188
1062 255 65029
1662 1131 19659
700 1149 96603
559 484 71027
731 739 48973
1824 1801 92917
1766 630 71132
1681 37 57979
1547 380 67855
833 1257 23001
1359 910 5653
167 935 46270
517 1639 22835
1088 1808 55617
1675 158 92867
467 1120 11623
1338 1988 30325
891 521 88601
5 1383 9659
1105 1072 86
122 1355 56002
355 258 42388
1072 145 26019
1781 421 36329
1953 1846 96057
873 1804 92340
1518 542 82687
625 1020 38303
29 1148 94967
199 575 9122
526 844 98742
215 1791 73457
1735 1297 1083
1025 1300 70412
1737 569 7837
1417 1387 49241
1127 1028 97505
1540 1657 96407
724 1741 59307
1870 470 38382
1199 1744 55947
370 1666 13697
838 1168 74646
852 298 81569
1325 932 59646
1080 761 17909
835 1141 21690
631 1061 68841
504 817 28955
1063 1361 93071
1162 1005 34606
1938 1358 19842
1198 181 43791
667 1747 37102
1112 1141 56078
1349 500 15686
513 1168 10964
636 677 42963
1038 472 28197
1292 87 50906
1603 371 4483
498 848 33831
370 196 26656
1829 794 74138
179 1560 51073
1502 855 74258
1710 1709 27167
1839 1678 48728
307 653 91635
1692 380 12127
548 1113 7904
1166 1671 36720
1477 910 10051
265 312 80477
1350 305 60795
1237 174 37462
831 122 26680
85 468 97096
862 1767 45853
181 21 48777
1288 1633 5772
1897 1314 3736
98 1445 23888
1980 742 69691
1584 490 88136
1834 980 76036
610 1484 45775
174 1094 4550
119 316 8685
606 1658 52661
368 1778 40491
1409 695 65029
1097 291 90608
1656 1228 20361
1199 1899 80959
400 1834 47374
999 1989 77274
999 495 33158
445 107 98288
1391 1194 57843
487 1217 79628
1978 363 68316
40 643 62071
215 687 25593
996 1152 61002
664 275 95587
1821 1394 2676
628 27 1682
1349 743 52468
559 45 14834
808 1757 51250
1156 1661 55688
1865 396 93107
412 1169 84266
1663 1703 58182
1094 411 41072
1867 118 96025
276 104 27844
1676 1923 30335
1120 527 9980
1006 1912 13200
1391 1224 96170
342 1327 80856
335 664 6181
1248 261 77076
834 23 19899
1282 781 47376
550 1733 68707
1906 1768 90378
714 1435 49182
176 1415 19988
784 656 62659
71 1759 28760
1670 1708 69988
83 1084 6026
1643 1160 36520
1492 1426 46425
1384 1626 60904
919 862 33271
588 554 13492
30 1172 94622
1887 458 72200
1236 210 54543
1380 256 60990
1631 1663 53524
1526 200 24129
1091 1974 11713
171 814 35930
1537 151 75514
905 743 2604
965 1660 16356
364 1591 63064
9 569 88168
1306 1727 49253
1879 1596 17162
1193 1653 54269
786 291 35956
430 1286 26781
421 1426 61657
1395 406 99897
102 1443 3898
35 1509 87671
238 1204 55798
667 1459 24641
927 869 48359
291 590 59309
467 626 44841
533 1913 84820
1186 1238 79496
1435 1224 585
928 991 74548
982 562 62128
459 82 66926
726 1144 70228
1357 817 77098
408 1553 59182
248 1402 86678
451 1870 890
1943 1978 3354
1488 1493 37664
240 851 70885
1079 841 38977
843 1708 45371
1907 230 7082
1786 303 71309
1642 1751 83012
1752 1573 26577
121 1004 85847
995 1198 90384
1199 1324 88777
1479 81 15256
1194 460 50509
424 1934 1390
1684 654 51437
1806 634 3168
391 343 55543
1491 1605 49974
1499 594 36695
1456 93 83710
849 1005 44372
1882 1112 64352
410 961 19175
191 190 38676
370 79 71160
377 1266 2390
1910 206 40888
748 1438 28345
592 438 71195
174 1216 64545
93 1487 7412
1734 1695 801
1387 1681 55057
1325 1119 95500
1329 1586 86538
1473 1399 69037
1603 1784 47560
92 94 53532
729 1131 19759
1063 849 45492
1793 1989 11661
1698 1660 6399
1764 1365 40551
1875 908 89339
545 554 86869
942 995 83323
79 792 12633
1880 609 73930
130 640 53554
1851 441 35205
1392 1088 65170
607 814 3428
1759 1139 96729
1272 718 65462
1994 508 21838
1646 814 51861
1961 1175 74596
1824 865 34046
356 1193 7496
588 1454 61332
1091 1739 84053
115 1088 6971
458 1933 26438
403 1486 51386
665 994 25653
1843 141 11462
1149 1607 54274
1174 1496 32783
794 176 1840
1190 241 57841
169 904 747
1156 392 89091
1518 1423 42525
110 483 79931
698 579 23440
1524 906 60567
1585 1625 64646
1141 1826 79986
1451 437 99648
1247 288 53664
911 1689 34993
971 1234 62338
1110 1116 55732
637 1887 69100
758 1662 86450
1015 943 12055
1939 162 31623
778 1774 24849
1841 617 45322
1447 1154 45712
262 700 92135
1597 721 38243
98 1130 5547
1383 1188 34381
1151 556 72283
1844 1113 43690
1734 1959 5961
406 526 87666
357 38 85517
1810 350 6397
323 879 70381
1637 608 48657
1312 796 68112
362 490 24890
911 1488 37997
1236 1369 62267
1370 944 90779
1638 1896 44751
1254 1936 72804
840 1215 26069
1281 136 92237
1932 1303 27129
330 642 4806
998 558 58837
1416 723 38635
1872 837 52316
1345 1774 52008
928 907 11387
314 1163 33202
842 28 13202
347 87 80034
1646 1428 18890
1831 1871 91700
1927 1544 46317
49 1387 85282
500 881 46495
335 1305 57928
1229 1472 89546
272 1393 96577
895 1383 23819
1379 879 48179
1681 143 26314
50 1422 97738
1356 1021 58989
736 1874 78959
350 166 3301
1191 739 7842
497 674 37258
1559 619 85161
1410 1030 53395
1186 1361 20407
1862 1291 70008
1792 1333 77509
616 1827 94558
94 814 73915
1471 1934 78649
1729 1828 59640
839 766 19143
1138 1781 40085
1773 935 45683
1124 631 84294
1509 1666 76420
345 1616 69422
1832 1551 70029
1734 1447 9441
1209 1905 22793
1821 360 22948
1373 112 89979
167 1416 11384
1617 417 32100
1523 1776 64065
1453 1402 53440
889 1332 9256
1640 1023 80916
1476 1726 39780
1406 492 35768
324 1611 41843
1064 1760 52480
1757 1505 43714
749 354 23181
52 604 65958
406 1769 84156
1394 883 86335
761 1670 36721
691 1599 86886
916 313 9744
512 339 93930
1799 451 27698
151 671 65670
81 572 14095
1670 1070 66850
212 1888 35868
1858 594 51990
1052 478 11546
1649 703 7970
1112 662 50257
1999 633 58316
781 1810 20448
938 258 85120
1113 397 99092
672 58 4057
654 1123 9063
1257 99 96787
1112 480 39525
474 861 53616
685 272 46895
917 1081 38169
279 179 47831
746 1790 51679
426 1673 21882
1286 418 33231
1511 1337 95632
1190 468 57720
94 1528 74613
889 952 45297
1072 712 41500
453 593 16708
713 1223 11916
1278 1648 6059
254 822 25784
1356 941 44042
268 350 45097
322 1963 57600
133 651 99346
1804 1178 1537
450 1370 42115
860 359 50023
1583 1710 52415
976 423 43926
1532 1910 88802
635 579 79120
1726 1363 88500
1107 133 78300
1091 253 83700
1532 930 79722
797 351 84355
225 1827 94958
869 924 11437
326 819 43523
1948 1843 25350
1004 1518 46337
1799 1469 55433
1338 1784 74215
650 1500 35228
103 827 83759
1380 1433 52890
1116 1354 59048
708 1071 66472
1700 845 95470
1771 757 41903
476 1649 67457
1064 208 73456
1034 1680 26784
332 1828 38190
891 1490 91446
1941 599 61450
153 1619 11394
65 1675 54041
1595 1508 67594
661 732 95541
640 767 10588
836 47 85213
1455 1377 12109
1565 199 25769
1228 116 34352
1175 1181 45704
1533 308 37965
579 1566 93807
1765 1168 4185
1416 634 95099
1176 1940 27560
1528 1555 35111
1733 1389 53856
460 924 82619
544 717 11787
1655 1836 53974
707 1333 23151
458 1281 59039
1102 1267 62943
676 860 2304
1429 691 63680
1728 744 41826
1733 1267 84398
1154 1100 91366
1473 1344 98508
969 633 20281
1319 1829 10777
1418 1705 33793
1703 1710 1061
1498 582 57242
1477 16 65821
550 503 96074
644 1097 30919
833 1137 62759
615 1575 46921
643 1336 92930
331 713 41131
701 1249 94566
228 62 43929
350 1542 85520
1262 836 84055
719 531 67624
583 345 34381
1695 806 89059
580 1809 876
448 800 35337
1833 168 30779
899 339 43890
1311 1243 77228
578 385 79814
1242 308 10126
618 270 61767
1753 701 84609
1586 593 18943
1933 55 37583
1971 1377 44392
1913 1161 70668
226 1621 23610
1615 608 43611
545 692 18205
1163 1454 64316
1497 1121 28361
1408 1146 76145
245 1536 69861
1534 136 43217
278 1531 3670
612 1730 48304
448 1419 86273
1271 1894 25660
1442 336 86031
1230 288 73360
87 295 57294
66 723 72255
1525 1765 59991
1415 383 45208
962 981 19809
232 1475 85425
634 1539 71405
1053 281 24184
787 1661 63910
1713 1811 99476
1061 601 84757
1803 1692 71182
853 773 81800
687 64 89456
168 1815 23926
1362 859 91626
874 163 15472
1204 886 35656
1436 1906 56407
1515 579 13404
284 16 2351
757 456 11187
1508 1664 2246
1341 68 25092
1085 1145 45446
1113 1227 26247
11 1868 70973
813 609 11982
1098 1903 22615
1645 766 37406
1795 1751 7421
1630 521 80294
1727 957 53149
98 201 41134
216 147 86434
545 819 11296
397 946 74603
612 1645 2253
859 1891 82852
879 1341 6834
1784 682 12394
1650 1138 93509
401 628 69537
597 685 78758
1930 198 55061
490 115 11676
509 622 59837
481 1034 97001
836 88 56946
803 953 84510
1346 1656 91105
804 310 24884
1104 1982 45846
859 716 8575
1809 206 61323
215 1153 46419
662 157 30479
1606 1091 12177
1479 1746 58835
1110 521 49936
281 1851 43252
1156 289 42100
1643 1618 60006
761 183 50200
389 643 27293
929 151 16197
1266 1836 45935
341 725 36217
601 1957 944
933 1764 89133
1459 1670 44607
1274 146 661
1832 671 68742
682 1163 21959
1573 1648 78092
1078 295 93693
231 1088 23156
1903 1767 69491
67 964 33306
1441 661 21437
1543 983 75585
1625 655 24677
181 1820 55834
963 738 88481
668 641 61091
1049 1113 51088
656 1238 41398
737 18 29903
513 1694 74887
1352 152 13785
68 1273 19152
1803 537 73443
1309 1274 81674
1323 1761 62713
178 1857 4875
154 1281 72711
1609 1518 16618
1236 500 97929
26 538 20534
1376 1742 28725
220 1073 53908
387 1059 2532
1360 263 10951
13 784 44364
1011 1536 70940
1557 1536 3507
1072 156 12384
238 1000 23140
1348 159 14350
1530 27 61073
1157 1931 72084
30 549 79752
395 1272 26524
1530 1637 48870
1573 1862 54887
862 267 64053
294 1265 60092
740 636 8221
639 986 73727
594 1645 71600
1884 1265 35715
331 175 99521
1357 1338 70427
230 1430 94050
1913 1458 82048
1104 1122 64059
1251 625 89208
278 569 23194
1476 809 77567
1316 1551 90003
851 204 97428
1038 1356 8703
256 1121 42180
1603 89 25900
391 1764 42107
957 1862 88022
1872 857 47955
1970 430 9355
772 275 45228
821 870 41757
654 1459 1657
1553 294 35592
561 109 37366
1723 1471 69156
173 747 86994
147 874 44845
515 1328 22764
457 1570 55337
254 376 96084
1014 131 19728
718 572 12132
1857 1691 49296
1750 1272 26190
1367 1590 16611
1030 473 34114
177 1594 22160
837 1732 65672
618 760 31452
865 413 76594
62 1427 18185
1247 382 1978
1180 1426 5872
1758 1319 81804
1452 1619 10086
489 788 38744
489 1369 36980
415 1610 27268
1927 548 212
1185 1247 53477
14 1690 65923
1449 1996 84258
491 1241 53057
918 823 68632
605 347 27158
1695 798 79975
358 1579 29921
1225 906 59044
1453 1084 38456
356 128 79239
339 862 83562
968 1830 94215
1219 1549 56532
1480 1774 96063
1221 71 7663
1950 527 6538
1140 1093 40990
1497 522 32641
607 252 75679
60 704 98164
1396 1983 96476
1116 940 6797
1308 795 55681
276 863 57734
1921 1740 34053
142 749 94037
670 1972 65800
1551 1570 79871
385 1629 86324
1531 38 12539
1231 955 9579
38 1390 61314
990 708 65157
1782 1943 51776
1227 1265 14663
1691 1104 49045
293 327 58401
1717 977 40121
1246 219 58800
7 1129 63890
1188 757 13892
195 1597 41433
1135 645 40436
578 387 7066
1978 512 74669
1274 1501 47073
1009 765 2577
620 795 94760
240 1942 2223
607 1801 22264
773 1394 62149
1209 1746 7652
755 374 92233
1125 843 81091
1647 492 61612
1277 1610 27688
1822 1353 88312
692 330 1728
1673 1846 37236
759 1746 6967
163 1885 94932
358 1125 99789
425 1689 13734
934 1589 28161
1233 1223 5134
1312 1573 3893
737 1336 15260
297 1490 74740
106 1807 85191
26 1198 97812
648 705 99758
1904 1977 80836
699 1975 14632
244 53 52265
1994 1034 50606
682 1202 39286
503 22 634
1606 1034 26816
1390 1670 59201
516 686 61390
1161 1220 39859
891 926 37248
137 1539 65533
1882 519 83262
1624 358 23973
25 1628 48947
1020 1400 3565
856 630 14431
1578 1433 49139
1428 1189 22195
530 1102 32294
664 1204 96615
91 1414 91481
541 1269 73307
516 1256 10165
726 1797 57644
1374 1272 43978
1487 118 83794
1143 1806 27580
456 1690 86429
1812 1565 98025
502 1077 11853
284 1124 67536
1716 1419 15047
46 1722 22178
1236 929 32403
122 1460 17726
69 434 16721
507 947 21478
1211 1095 17783
962 587 50878
1228 782 23406
34 1637 21495
1286 1212 72758
1420 1249 31871
1721 1146 42444
896 1096 9794
1185 1162 48379
1851 1276 91928
1076 1926 73878
32 1305 88793
1575 515 14716
682 1529 89431
109 1163 73110
347 1281 26445
642 407 88809
477 696 21187
809 1797 46962
1812 485 18049
1854 1057 98206
436 445 50298
1573 520 27310
180 1977 62883
1907 1298 34945
736 1146 13840
1483 613 7921
569 977 97607
1349 916 65627
559 777 69239
429 784 73620
1568 900 107
1149 1569 1040
1625 667 56506
625 269 82410
806 1317 97158
1188 309 67999
1250 983 3381
1201 1942 64094
1536 618 79920
665 1550 7418
215 131 11373
1063 932 55557
1261 593 83863
748 1886 59291
1381 1062 3599
642 168 22588
563 1896 43296
1492 178 313
604 862 92323
1166 370 44762
1409 179 76699
501 860 32305
1763 732 8244
1661 598 79507
191 1048 90157
98 49 22863
135 1610 22612
52 1692 30348
455 527 63374
739 1927 11655
1717 390 91691
471 254 94307
926 1481 41629
195 1291 41111
830 684 10111
1460 615 54445
787 1225 89971
1129 1969 37662
502 195 86632
1968 242 98229
1398 1601 17439
935 399 61020
853 1554 65493
1381 1915 19672
714 1258 92135
1519 1939 31933
1301 185 25401
1466 572 95167
985 883 35895
366 632 6538
1890 1715 25630
8 919 81143
1254 1115 87944
273 611 38882
718 1497 27457
1457 422 59398
1897 1655 9510
372 1893 73861
221 420 90631
453 118 96469
70 1672 40788
323 1944 68842
1741 837 84601
130 1451 87413
1716 1789 32466
1989 1434 46148
1755 631 96852
1693 363 63369
1588 264 94045
1587 1663 89512
1868 597 23739
1060 1102 64205
182 446 41617
1076 1933 65302
1990 1861 5261
454 162 73560
1515 982 43112
40 730 70660
1510 409 51356
1792 1307 5689
163 1037 51530
1296 555 36717
426 1253 18597
1011 1952 80377
1317 480 68969
109 1096 74277
806 1867 25879
1430 898 99627
852 862 4812
1345 1334 64045
733 1216 59994
135 324 88971
1328 1658 91683
926 50 54050
222 1626 40056
188 715 65035
1211 1747 82989
1269 69 23175
116 1832 15081
1062 67 45751
378 386 54463
1237 227 62835
691 1919 5301
1355 780 55295
589 217 3259
1723 713 7530
1408 298 36116
1801 1059 88891
1359 1586 94276
1325 491 22862
1498 614 80218
1475 1116 83576
363 987 68286
323 1453 63049
1448 894 74674
1076 1781 6158
36 664 18882
33 1049 41948
661 1431 43210
1591 1453 92543
134 1702 7376
888 1961 79584
43 1743 31205
133 383 24757
723 1759 38690
1943 1472 41049
1823 1706 87268
711 325 45011
477 409 29827
841 109 95568
1595 481 19901
627 1543 95021
1553 1009 32151
742 83 67271
51 1734 32532
220 1313 88942
1271 1493 54867
504 912 59576
148 1239 94986
520 732 46949
1528 1837 34744
815 669 55749
115 892 7740
1035 1717 26458
44 994 49788
1768 121 59885
781 296 84034
1182 1683 92719
855 939 19068
548 512 81232
934 767 52195
1355 345 75108
1644 1719 97187
178 1819 75949
38 772 1525
1784 1303 37252
1794 593 48975
561 173 41591
1410 1427 22245
474 1665 52722
621 1644 53325
1702 1107 8810
1526 968 23917
1033 1147 57217
168 860 16064
1112 1384 16487
335 220 97023
1218 286 1827
881 1412 65388
1725 1149 4808
1578 796 7985
712 1241 81793
1080 888 81144
586 1808 25424
804 288 68915
364 1522 22267
620 163 74654
1267 1110 38430
1906 1289 87738
543 96 88098
1360 987 97023
1918 631 39334
328 1483 46989
1458 1755 32929
358 1046 75396
936 833 39401
1527 418 11239
5 1025 49772
214 1416 12391
441 927 84295
380 1532 86166
1145 711 83614
404 806 71729
1703 1107 67119
1504 926 15181
1373 1478 42218
554 1179 46172
1137 275 66688
1451 880 31644
386 1965 18950
742 172 32960
347 1596 93687
455 363 87240
494 482 2539
1385 486 38398
264 426 23313
447 406 7647
115 1976 71522
768 1330 19604
1519 630 76938
901 1622 73092
1770 368 41077
527 788 23848
1005 1099 38022
286 1167 76116
346 229 14759
920 310 91945
883 595 38043
440 1296 68364
1816 851 96929
246 996 21970
583 563 76557
743 1006 3764
1882 1687 19065
1017 1861 9918
1439 1761 81208
68 1559 51235
1080 951 36752
526 1318 20776
1621 1271 45892
1059 635 45941
1665 1803 51413
1177 1992 76331
1540 1501 64343
1289 1300 27960
1659 22 37129
1896 915 19390
969 1058 90432
142 865 86972
1101 1168 28532
508 1478 52976
1804 1798 64640
922 1645 99455
299 673 8562
929 470 47551
748 1676 44794
238 741 49019
850 708 98717
1384 1613 23044
500 402 64359
1753 1446 88249
32 1350 44184
1344 1813 25199
1423 339 91859
1637 513 40647
1161 704 30787
1854 1979 74185
638 489 75588
1541 1104 91751
1013 1998 80389
1788 1904 34215
427 1025 32308
887 1450 8202
203 33 2880
1079 1573 93466
1032 388 73925
1636 654 5354
1564 1322 50433
618 932 57733
495 17 86034
1074 1145 9623
374 570 89478
1156 831 94270
511 1493 33623
1558 1958 51825
1195 1769 96566
149 1677 3659
1693 1702 28550
109 1737 8278
1764 499 94364
1247 1377 40351
483 52 72917
1821 638 28494
1897 1726 27802
202 1692 66675
1667 863 26949
1023 689 15515
613 1112 94963
1117 1574 5250
36 1468 79510
1968 479 92204
1266 389 87777
1261 1655 61643
1967 1356 26973
180 841 14172
1332 1729 92839
980 1829 70438
771 773 9856
595 292 91000
1669 851 77212
