300
76
150
80
135
180
201
286
127
219
35
288
64
190
245
256
188
300
156
232
175
289
244
291
157
89
23
294
38
163
102
190
96
199
299
173
237
4
66
93
255
180
144
174
186
90
64
149
189
12
241
225
142
86
199
197
102
64
201
267
172
106
245
91
110
193
136
7
150
177
102
55
121
178
208
282
176
114
104
38
152
272
21
252
300
208
46
182
180
288
120
187
228
50
252
296
231
100
174
215
213
79
50
191
61
156
92
286
285
149
255
13
191
279
297
162
55
280
243
55
17
223
238
17
257
174
219
220
272
194
18
258
29
69
193
186
221
226
35
181
95
30
103
193
258
271
119
160
170
40
14
35
88
11
140
289
131
6
137
121
157
240
199
234
66
114
212
69
60
174
215
29
27
127
105
118
100
145
69
175
247
94
98
97
112
157
211
185
135
174
45
88
139
249
197
99
47
119
151
265
20
296
269
259
50
284
26
281
293
192
120
162
209
160
31
40
251
16
71
17
76
156
38
145
12
76
244
235
156
78
257
272
137
1
165
222
289
37
28
157
119
218
135
38
126
26
153
236
295
159
41
10
56
148
252
273
84
203
179
193
206
237
31
289
5
175
240
81
28
206
25
272
37
232
225
227
80
62
245
167
23
97
283
58
183
49
13
215
163
268
278
196
178
244
275
237
159
272
199
264
3
