1
38
31
44
20
22
71
64
19
53
59
38
18
2
23
60
37
42
14
6
18
36
53
52
53
28
2
13
33
13
6
19
8
80
57
19
12
69
1
33
16
64
38
52
22
33
8
7
25
26
15
54
25
51
43
39
13
20
13
69
28
9
36
41
5
80
10
11
60
60
11
81
26
57
5
58
3
1
30
37
37
66
36
3
1
1
6
34
17
76
34
10
28
16
35
6
42
4
43
21
10
18
13
55
70
13
11
37
38
51
64
34
45
13
3
33
40
7
27
17
42
15
17
9
51
14
18
9
17
47
52
56
36
16
16
11
47
5
64
19
30
30
24
64
1
41
74
15
9
12
46
3
32
11
3
58
62
22
18
41
7
10
51
22
33
17
2
61
64
25
36
28
18
79
25
14
63
2
36
8
34
8
23
14
57
71
19
1
56
61
1
25
27
27
44
8
47
61
21
6
21
30
23
5
3
28
3
26
44
44
14
56
5
14
21
13
49
42
2
40
57
16
47
72
30
7
3
21
18
15
57
49
27
34
12
2
40
56
73
3
32
21
52
25
26
65
10
10
1
18
67
40
20
58
3
11
22
26
3
56
69
46
24
32
58
51
18
9
36
17
11
28
74
42
46
12
63
86
17
18
46
16
5
34
57
22
12
48
2
15
43
14
38
2
79
58
27
32
26
23
40
49
55
29
15
41
73
11
12
13
14
33
40
27
38
27
7
10
21
67
53
11
50
3
29
25
3
25
3
39
29
20
24
7
81
1
40
61
24
30
22
11
14
33
24
42
41
34
7
1
34
33
8
14
22
48
55
21
1
33
31
55
2
60
48
9
10
35
27
5
4
63
21
48
21
44
44
25
32
25
39
23
75
17
13
61
43
46
5
29
58
21
21
1
16
24
82
77
65
67
16
43
32
1
23
3
11
3
20
14
72
22
32
5
8
36
5
30
29
30
41
6
40
37
38
66
59
5
9
1
12
17
14
24
50
67
66
68
33
33
18
1
28
5
31
59
16
14
29
12
63
39
39
3
7
40
41
34
41
8
14
32
25
56
32
15
40
28
44
32
19
14
61
4
24
8
7
9
24
44
60
77
8
39
42
53
22
78
11
52
20
15
26
14
17
12
65
27
29
1
1
34
52
11
31
38
31
21
46
26
49
17
20
3
8
22
24
14
10
7
9
34
5
1
48
64
28
33
12
22
33
9
12
25
42
16
4
6
22
50
1
33
25
33
36
25
36
41
24
18
36
21
19
36
21
38
72
32
2
3
3
60
46
55
4
29
1
5
11
7
38
3
9
11
17
37
78
18
20
59
6
6
10
51
65
60
34
30
32
30
32
84
27
3
22
55
7
62
43
27
7
1
52
24
21
14
10
35
54
2
20
37
58
46
46
5
13
30
35
16
16
32
6
41
71
38
35
33
28
64
8
25
26
20
63
10
22
64
41
10
23
65
61
29
13
24
27
41
49
7
69
32
69
25
62
51
7
5
13
26
59
5
58
17
1
17
39
12
38
11
60
36
14
35
8
82
8
62
3
45
2
36
61
1
16
38
44
3
34
11
9
44
20
11
21
9
2
26
25
24
46
1
68
3
7
16
10
34
35
27
46
51
28
41
7
20
71
54
16
32
9
28
26
9
46
24
18
36
12
40
1
2
47
45
20
18
11
16
64
66
28
3
64
53
52
16
32
5
5
49
10
41
25
15
50
39
61
35
48
28
40
17
63
26
46
53
76
29
15
4
13
20
46
43
18
23
45
12
42
21
14
1
12
51
34
45
19
41
4
41
16
38
11
5
6
5
49
8
20
26
3
11
6
11
20
15
19
27
20
26
16
17
25
39
50
43
18
35
6
29
33
1
32
68
6
1
27
10
6
68
54
54
35
27
2
73
42
13
48
1
18
33
6
5
64
39
12
5
39
48
68
39
1
50
37
2
21
30
2
37
49
77
6
27
29
63
9
29
36
32
22
16
5
20
8
44
40
28
8
69
57
26
8
27
35
12
2
33
21
17
16
21
18
55
14
51
27
7
77
12
9
31
39
22
31
32
3
24
5
56
14
49
56
80
42
62
69
69
48
32
69
43
19
40
42
9
32
21
48
21
50
55
28
23
18
1
59
21
82
73
9
22
11
51
11
18
25
25
51
4
27
45
10
12
10
5
4
10
11
37
49
38
7
22
15
16
2
42
38
19
19
60
34
38
45
27
17
27
8
43
2
23
12
42
21
32
67
13
3
2
30
50
