954
1 2 3 4 5 6 7 8 9 10 11 12 13 14 15 16 17 18 19 20 21 22 23 24 25 26 27 28 29 30 31 32 33 34 35 36 37 38 39 40 41 42 43 44 45 46 47 48 49 50 51 52 53 54 55 56 57 58 59 60 61 62 63 64 65 66 67 68 69 70 71 72 73 74 75 76 77 78 79 80 81 82 83 84 85 86 87 88 89 90 91 92 93 94 95 96 97 98 99 100 101 102 103 104 105 106 107 108 109 110 111 112 113 114 115 116 117 118 119 120 121 122 123 124 125 126 127 128 129 130 131 132 133 134 135 136 137 138 139 140 141 142 143 144 145 146 147 148 149 150 151 152 153 154 155 156 157 158 159 160 161 162 163 164 165 166 167 168 169 170 171 172 173 174 175 176 177 178 179 180 181 182 183 184 185 186 187 188 189 190 191 192 193 194 195 196 197 198 199 200 201 202 203 204 205 206 207 208 209 210 211 212 213 214 215 216 217 218 219 220 221 222 223 224 225 226 227 228 229 230 231 232 233 234 235 236 237 238 239 240 241 242 243 244 245 246 247 248 249 250 251 252 253 254 255 256 257 258 259 260 261 262 263 264 265 266 267 268 269 270 271 272 273 274 275 276 277 278 279 280 281 282 283 284 285 286 287 288 289 290 291 292 293 294 295 296 297 298 299 300 301 302 303 304 305 306 307 308 309 310 311 312 313 314 315 316 317 318 319 320 321 322 323 324 325 326 327 328 329 330 331 332 333 334 335 336 337 338 339 340 341 342 343 344 345 346 347 348 349 350 351 352 353 354 355 356 357 358 359 360 361 362 363 364 365 366 367 368 369 370 371 372 373 374 375 376 377 378 379 380 381 382 383 384 385 386 387 388 389 390 391 392 393 394 395 396 397 398 399 400 401 402 403 404 405 406 407 408 409 410 411 412 413 414 415 416 417 418 419 420 421 422 423 424 425 426 427 428 429 430 431 432 433 434 435 436 437 438 439 440 441 442 443 444 445 446 447 448 449 450 451 452 453 454 455 456 457 458 459 460 461 462 463 464 465 466 467 468 469 470 471 472 473 474 475 476 477 478 479 480 481 482 483 484 485 486 487 488 489 490 491 492 493 494 495 496 497 498 499 500 501 502 503 504 505 506 507 508 509 510 511 512 513 514 515 516 517 518 519 520 521 522 523 524 525 526 527 528 529 530 531 532 533 534 535 536 537 538 539 540 541 542 543 544 545 546 547 548 549 550 551 552 553 554 555 556 557 558 559 560 561 562 563 564 565 566 567 568 569 570 571 572 573 574 575 576 577 578 579 580 581 582 583 584 585 586 587 588 589 590 591 592 593 594 595 596 597 598 599 600 601 602 603 604 605 606 607 608 609 610 611 612 613 614 615 616 617 618 619 620 621 622 623 624 625 626 627 628 629 630 631 632 633 634 635 636 637 638 639 640 641 642 643 644 645 646 647 648 649 650 651 652 653 654 655 656 657 658 659 660 661 662 663 664 665 666 667 668 669 670 671 672 673 674 675 676 677 678 679 680 681 682 683 684 685 686 687 688 689 690 691 692 693 694 695 696 697 698 699 700 701 702 703 704 705 706 707 708 709 710 711 712 713 714 715 716 717 718 719 720 721 722 723 724 725 726 727 728 729 730 731 732 733 734 735 736 737 738 739 740 741 742 743 744 745 746 747 748 749 750 751 752 753 754 755 756 757 758 759 760 761 762 763 764 765 766 767 768 769 770 771 772 773 774 775 776 777 778 779 780 781 782 783 784 785 786 787 788 789 790 791 792 793 794 795 796 797 798 799 800 801 802 803 804 805 806 807 808 809 810 811 812 813 814 815 816 817 818 819 820 821 822 823 824 825 826 827 828 829 830 831 832 833 834 835 836 837 838 839 840 841 842 843 844 845 846 847 848 849 850 851 852 853 854 855 856 857 858 859 860 861 862 863 864 865 866 867 868 869 870 871 872 873 874 875 876 877 878 879 880 881 882 883 884 885 886 887 888 889 890 891 892 893 894 895 896 897 898 899 900 901 902 903 904 905 906 907 908 909 910 911 912 913 914 915 916 917 918 919 920 921 922 923 924 925 926 927 928 929 930 931 932 933 934 935 936 937 938 939 940 941 942 943 944 945 946 947 948 949 950 951 952 953 954
11
992
24 16
938 522
596 261
455 930
367 587
216 449
119 899
939 235
892 687
148 727
882 243
620 211
686 497
415 427
527 776
854 199
528 122
331 786
483 636
97 33
305 112
513 906
843 267
238 801
355 932
899 592
865 884
6 139
542 182
914 779
151 90
683 478
60 143
1 876
284 908
721 923
412 536
119 875
305 307
302 657
636 469
774 80
560 151
816 254
426 665
631 268
773 686
324 391
577 311
612 889
815 653
176 761
65 340
20 572
840 371
814 391
553 693
554 341
793 655
84 836
416 115
916 821
858 462
229 680
107 57
58 937
133 237
694 580
929 271
44 694
214 327
892 9
851 573
910 290
629 578
244 881
643 619
781 780
874 549
531 125
625 218
189 907
475 81
309 278
735 733
858 867
384 447
317 682
15 198
23 857
236 605
230 333
787 479
363 530
671 287
348 404
593 140
410 452
792 322
904 681
202 94
679 490
15 153
902 301
944 182
583 716
211 92
605 198
845 434
33 584
4 699
779 410
621 127
310 444
835 802
422 778
773 339
486 553
553 844
272 94
661 203
651 486
73 254
227 135
642 86
584 438
656 851
529 435
620 805
591 76
343 905
69 679
40 436
423 254
230 62
12 132
372 880
315 360
733 35
341 544
848 519
168 489
302 40
943 241
352 348
810 362
133 938
433 596
772 679
222 345
879 373
450 418
800 453
867 747
849 875
838 202
18 692
358 120
388 585
64 514
173 96
701 601
682 130
114 350
383 736
641 460
35 21
733 69
773 73
275 550
237 625
238 543
337 143
53 920
835 568
499 647
188 874
273 259
822 434
388 304
546 175
364 285
186 437
86 235
707 81
781 8
44 246
387 381
871 255
728 62
520 522
397 123
521 224
616 325
668 192
585 673
757 250
700 34
51 282
856 796
275 498
247 568
724 471
490 539
659 636
111 418
769 800
60 344
794 319
374 855
371 525
162 775
871 820
298 446
896 673
439 574
312 847
629 174
78 97
483 917
890 266
234 404
251 760
942 160
3 325
90 14
117 148
238 467
681 876
237 401
331 954
896 359
813 519
373 7
645 521
314 327
674 235
620 4
952 156
433 407
316 660
389 166
156 726
365 634
40 319
807 101
549 657
109 218
52 63
138 327
126 856
287 725
90 302
168 797
90 118
680 569
619 856
736 456
117 93
291 897
66 825
83 585
862 605
699 348
260 892
377 937
447 643
276 370
246 635
400 216
896 782
742 443
913 107
193 653
563 58
49 174
850 165
954 12
318 500
279 83
792 290
798 623
242 291
880 509
248 873
701 461
566 437
72 592
767 785
943 781
865 394
85 239
837 428
209 227
884 19
706 76
308 17
589 239
419 143
273 518
702 266
10 546
307 904
633 317
677 835
676 232
99 900
739 618
174 50
483 617
30 178
567 927
465 30
430 721
845 436
719 422
935 866
260 155
490 713
197 931
222 797
844 728
93 636
188 159
561 873
622 349
775 798
284 10
239 267
60 489
168 477
82 298
84 346
688 614
19 907
39 37
392 826
210 879
561 306
562 233
904 665
809 694
333 481
372 17
60 319
740 280
897 450
938 573
717 794
533 541
389 758
600 245
871 950
697 548
209 450
732 207
249 847
813 585
688 692
86 441
790 452
794 191
807 824
230 886
298 823
435 341
841 731
501 121
347 51
752 707
277 320
145 837
943 717
548 30
173 398
80 562
264 739
574 848
544 196
593 863
602 183
427 670
936 113
200 379
438 296
185 853
111 577
421 926
205 253
418 109
868 233
300 523
940 717
810 811
315 489
289 32
14 911
878 36
148 857
149 878
376 203
305 768
127 472
518 516
758 511
886 916
360 244
854 883
578 790
487 632
926 138
716 483
24 368
753 803
546 634
229 623
325 275
114 439
599 915
637 308
562 118
486 429
360 794
861 460
339 753
120 839
260 904
213 159
492 399
548 549
573 443
182 1
315 170
674 931
69 613
108 836
952 231
873 128
818 462
460 100
350 153
673 677
629 931
553 499
772 435
108 750
754 580
868 716
291 605
328 203
751 59
196 616
939 513
548 579
178 105
511 945
831 380
167 540
442 893
854 770
200 351
19 363
643 368
689 81
177 523
188 344
725 291
884 581
6 485
522 180
403 609
313 462
774 108
642 598
812 554
490 403
291 362
202 111
874 610
513 32
154 813
24 868
529 613
458 32
446 902
945 372
893 656
938 90
491 605
300 863
425 636
597 433
692 413
607 757
549 364
130 261
791 85
420 716
351 32
485 477
884 890
207 575
75 637
138 23
401 732
477 67
695 362
434 655
11 513
630 346
833 297
217 40
662 442
839 811
288 206
706 947
371 632
16 166
263 159
112 39
349 255
607 240
60 110
511 503
413 939
806 106
461 157
936 578
547 415
534 773
375 21
424 327
748 625
673 401
354 810
474 303
341 376
280 341
446 205
727 186
84 85
583 945
280 545
623 268
505 897
458 727
232 625
239 682
466 721
681 492
549 162
237 15
814 608
83 475
370 141
504 92
928 138
95 438
709 731
363 392
530 497
123 779
547 41
316 921
224 180
766 449
157 164
817 872
748 868
635 567
643 235
826 852
155 66
720 605
232 53
883 482
949 92
898 706
718 501
759 114
139 202
364 421
289 188
626 68
851 146
45 698
309 677
886 563
506 852
46 370
838 492
3 921
177 474
554 583
679 443
328 931
714 782
53 728
93 558
339 50
455 379
48 41
771 209
637 373
44 273
925 775
199 95
910 527
174 758
432 416
836 626
417 18
269 907
215 714
327 830
400 345
347 208
809 484
777 394
574 404
376 202
4 351
462 398
884 442
102 875
372 787
709 334
88 442
497 194
838 137
287 205
564 839
766 490
226 438
171 862
44 154
700 459
181 882
29 470
384 489
228 472
851 141
699 28
145 464
621 484
469 211
367 661
535 89
949 411
609 676
19 776
693 343
183 942
558 830
902 225
163 716
225 154
695 646
26 162
777 498
873 229
35 89
848 214
638 816
310 309
629 806
536 114
634 765
932 518
695 575
260 920
766 377
398 254
621 244
722 634
917 15
594 515
95 776
783 759
911 419
661 641
311 704
757 94
426 434
525 700
631 213
686 203
189 214
457 89
23 136
778 874
467 948
270 488
486 365
464 237
270 173
66 84
423 144
597 330
577 836
812 316
360 359
873 133
590 619
381 306
128 296
261 361
871 502
530 914
392 105
708 204
291 849
32 338
449 892
438 368
416 629
40 817
816 226
692 861
783 438
947 850
286 592
759 476
163 72
801 298
596 860
66 260
415 28
434 559
867 428
709 713
385 370
531 20
863 378
488 275
612 419
511 629
691 866
63 765
146 870
365 666
597 571
922 228
347 924
953 387
953 780
302 648
196 241
464 512
885 352
850 950
76 522
474 740
451 287
262 809
918 497
780 109
945 560
729 206
587 894
679 249
39 226
236 920
689 406
651 150
372 953
942 113
360 43
90 246
792 752
428 562
887 668
45 547
157 630
693 502
668 918
506 20
358 484
236 693
503 273
375 222
848 856
745 869
214 775
144 512
907 419
866 660
9 456
305 263
891 444
549 720
502 918
892 774
66 15
238 177
403 454
835 306
595 508
611 822
481 761
159 192
788 674
437 372
97 214
515 296
710 872
644 848
506 216
623 413
44 329
99 266
572 389
536 271
357 784
301 851
17 485
288 482
794 417
533 596
911 594
439 793
581 571
599 942
758 20
333 393
229 235
506 211
270 374
833 772
151 889
906 317
734 147
639 261
912 615
667 650
866 68
515 62
469 326
709 188
108 104
649 452
919 562
672 609
733 678
115 814
809 385
148 16
87 140
581 158
116 641
202 944
185 611
279 285
588 47
104 505
581 563
903 673
700 370
173 192
644 241
409 946
102 944
414 357
461 164
478 789
62 751
911 816
75 389
750 354
160 508
574 807
671 839
429 483
576 361
746 830
444 928
554 121
39 341
91 174
108 857
126 745
429 713
491 570
500 796
534 152
395 524
404 383
518 164
429 198
708 524
709 879
167 395
121 318
636 39
256 106
203 757
188 482
196 127
82 925
707 580
318 408
708 375
762 338
603 836
647 316
877 527
850 881
293 554
161 212
123 731
942 788
697 164
832 218
38 915
489 32
739 64
97 855
100 852
660 138
578 930
177 934
888 421
886 686
312 745
943 488
717 812
475 133
297 520
618 99
374 598
354 903
917 312
465 765
257 13
843 651
797 804
682 39
376 150
57 953
804 8
712 804
421 657
642 529
741 183
728 842
322 518
8 274
473 206
781 224
371 327
433 729
862 373
377 477
604 733
736 836
859 806
881 918
274 378
145 24
784 380
135 674
174 584
661 728
291 59
606 767
427 595
406 419
897 443
698 287
767 558
408 613
300 952
372 7
916 507
133 628
256 551
758 571
397 105
757 841
938 471
368 383
627 382
594 462
382 834
505 278
755 404
897 170
761 897
406 378
224 243
486 806
61 611
