30 182314149
303923344 766204676
178747893 825319153
842310579 526099264
693064265 648779476
354707496 324184127
882573165 52785962
643760372 453431761
310663891 680410354
63014954 463096673
986469174 182745752
907447236 705289840
949852695 797513344
938285056 308717726
214897054 452318646
937981606 567886597
961205705 860545455
596628804 814489195
381315101 892857601
84098667 234595087
4184668 14116208
66852999 205260851
537263871 38962879
867908804 121987990
115778167 392682587
471423091 770072713
605502820 8285688
502751597 409852501
254279085 354105123
264820678 569022377
158979562 476661655
