200 614195254
469359720 669
667873355 504
8413647 242
399695251 49
907711971 487
665551879 214
486386267 58
727501670 118
448470132 989
590591122 810
551580899 704
832883826 914
955696837 979
555359135 826
313328839 981
570750307 220
603246746 214
696404800 348
272100502 606
293030160 736
758894208 596
610970983 655
474469018 473
898125782 138
800964915 661
139459762 522
708837343 280
117851432 732
931302363 90
531522617 467
494340799 350
785591885 633
830040781 746
553267492 317
470487923 225
742060438 375
808699757 936
898457554 502
482526224 9
152878081 850
854819173 636
992401690 778
571550512 803
429506726 129
403767647 30
804724466 140
940933946 497
622840142 618
624055258 391
690262897 638
919142312 933
862363503 800
362304235 18
155072501 577
661315498 275
449452488 557
802172117 630
937422577 634
19130161 582
483733280 779
591142631 517
86460318 949
262977487 439
536334279 335
79441707 168
249465799 935
349795658 62
710098778 846
519202886 182
289683437 537
860256610 813
405722543 742
950621728 399
740179122 874
210333906 962
624845608 725
366374982 555
926765145 781
367808227 773
748357092 979
328502361 613
979212257 607
152809546 584
412507848 197
55337157 352
942325605 840
75383857 912
896303071 727
859469049 673
47607855 592
861841941 192
31868616 139
555057780 888
97267066 40
675596210 874
44912168 541
889877213 780
99675488 731
409089494 654
695942504 153
986694193 262
24519216 335
127470065 32
947115568 970
123699583 339
541817927 346
204131027 112
357249717 600
911055036 287
768910617 787
416210355 852
262487057 605
203684848 386
288064265 96
748213617 350
909182706 659
356960386 935
951694354 308
570941003 716
74234980 727
457766001 714
911579985 373
100602423 855
538328733 406
279283708 448
557779955 244
216706347 853
286125801 976
571727176 858
889697370 652
116079708 62
997432623 141
430476630 179
968478094 168
784695101 132
365556268 981
31962471 978
775753536 555
881232824 658
613438094 182
843392863 238
406649025 669
166882185 920
349575405 222
904027493 525
569668764 550
640768126 816
273903495 851
534552291 261
410844424 532
110362142 792
824983411 511
961004478 717
248378883 801
968551317 839
91733750 996
768127176 21
66659939 132
948091994 601
435808749 520
985827960 267
150027040 859
213297948 323
880333897 782
916773289 506
157601083 776
205286724 921
694166524 461
947915808 811
658863324 519
495415475 126
398527300 306
691823566 267
197512070 633
636193591 646
840610676 567
314414525 254
915491179 758
714443532 100
63440863 450
882487577 22
308513416 411
430820528 176
725329780 17
961386311 689
461921801 531
831495070 798
137801212 859
215724695 701
273140326 803
919554132 980
961077070 447
81184062 914
447506701 491
301132318 609
17175070 862
583970243 310
591286225 290
141836121 243
411198265 699
