200 429062434
282 702527596
945 714641539
985 190432470
610 117548174
213 29736548
998 253388789
618 598116707
446 291811292
843 147549429
640 690613251
224 817345838
909 131828925
502 882778991
587 402879362
250 58818876
930 343144689
242 496679891
936 588061630
496 113511607
865 211769061
268 297223857
803 13437820
857 451884316
167 649111045
451 454799395
625 126886990
114 589949863
905 670118108
498 848486691
943 357561799
610 520843084
917 438050162
982 460133283
699 128219186
619 422421318
51 971075293
357 125010645
123 418572718
163 898784768
65 56106608
115 330867051
996 782595347
162 122679202
557 820132505
534 776178085
57 354839471
80 767926283
54 191095030
314 930485181
883 444377231
444 79690174
145 227518245
588 845082314
286 486117315
812 565808308
706 701583204
243 694613154
823 38437795
460 222794557
748 449987714
38 882480045
516 550605316
122 429302655
458 370132060
315 383219053
217 137124360
125 62182303
93 320517067
348 509569664
927 459809239
73 621183364
29 86247539
783 566138267
614 921532119
612 448308167
397 403395510
80 98301246
455 968304509
571 172739370
137 410725908
47 178996473
238 469002436
335 693017494
957 333897878
617 283061784
604 442148763
729 877692199
471 76959333
568 806747680
755 594037963
317 928693177
154 386423996
861 683424523
475 863411556
318 594171701
408 639160392
768 179671785
643 438818425
316 827750637
688 314600885
104 447550831
932 625110516
565 130181297
752 24149666
393 954928215
964 467623080
33 329360315
252 907404562
243 376819786
686 297045819
140 643110481
101 57426852
668 999203120
982 467581989
576 167758552
418 478331108
57 282122230
206 908959881
242 109194639
812 727135138
988 423618374
41 655361897
981 951620951
51 649266153
809 696312185
541 242526201
641 417580316
101 459994444
816 26266512
61 670260713
254 274384392
485 522196866
2 462623832
438 740775421
416 776037427
627 208612881
745 123703095
74 127070244
38 545163744
182 742483109
510 161862851
656 712268149
359 9294334
571 343134676
817 725780309
508 100864803
909 416861014
427 949182272
673 429126355
197 865897939
732 883566568
722 266538472
389 831931088
326 959797979
164 567829941
690 212640971
598 919828739
155 840437740
750 897028570
352 220680218
518 669769493
973 527295941
669 738796392
428 575484602
118 885593965
801 528275012
741 10511372
434 873249282
73 152492183
340 751636250
501 764042673
387 19057605
669 262871431
256 877061172
81 679242824
727 347299755
972 445321641
976 180749236
611 186760355
360 590132191
694 907065384
16 923067639
990 504324266
986 346437806
473 505572157
489 40129981
958 271840611
220 328595994
865 540302133
294 785919593
492 899182876
77 835212619
200 232190969
288 637847991
618 139416886
406 695588171
492 450884503
232 173596961
363 397316096
587 108249869
