879 1721 29 101
848 876 38013
290 782 42154
54 321 26627
134 717 79177
230 813 56604
185 543 102956
207 799 32062
333 855 37121
13 527 53666
460 697 56143
154 220 41000
104 732 44283
313 432 38013
239 463 38053
224 227 39598
655 758 20025
225 519 27893
202 372 23022
316 368 16125
94 310 38601
197 873 46325
64 739 24839
78 527 26627
104 458 13153
64 463 30594
58 727 25318
595 701 34928
162 253 30414
454 731 29206
224 507 37855
366 505 41761
520 590 14560
465 504 38275
543 788 48765
85 173 27659
548 719 46098
232 462 52393
244 264 43174
90 233 60440
147 768 29614
94 252 17889
258 712 64070
99 112 17029
65 131 21095
427 557 31241
588 780 20000
61 227 24698
87 872 26401
181 430 27785
43 534 53600
475 753 13601
116 302 34059
92 585 35847
52 529 33956
352 647 35114
120 698 16763
572 586 16031
761 841 21587
688 754 57315
707 756 14142
312 838 44011
163 503 50090
95 149 21190
679 860 22204
33 262 42802
239 682 18439
210 261 66761
322 562 42012
475 479 27785
118 552 44407
16 660 18385
298 609 55036
190 547 22472
196 228 28792
318 439 36125
435 575 38275
222 290 41049
140 357 43186
206 596 36770
33 165 35777
392 636 37216
39 402 14318
116 337 34713
458 819 17889
140 247 21932
165 512 64405
227 569 16763
443 757 23000
248 471 19416
146 864 58138
63 440 20809
18 271 38210
61 569 15652
64 335 29275
26 769 32450
30 304 192398
75 512 25456
29 327 16155
433 483 27803
540 799 60877
387 602 24597
295 827 25020
774 858 28653
37 746 46043
50 553 54626
266 585 25000
14 143 45188
349 826 31623
115 824 26833
318 415 32388
89 367 17464
665 875 33242
122 203 23345
154 252 22804
100 223 36056
617 856 53535
515 879 53085
60 478 56824
161 427 49769
208 579 36878
624 834 48010
551 797 52010
436 502 46098
15 621 63253
540 578 21378
455 466 11402
211 673 60877
12 530 38897
55 290 65742
18 618 14213
657 860 12369
762 863 30414
197 381 55803
339 669 15297
340 630 67082
200 643 55902
192 812 22361
326 548 40025
585 878 31016
33 403 55036
198 577 31305
339 799 28862
331 434 37121
67 741 43278
634 844 38588
15 592 87983
190 308 10296
19 356 48703
329 374 21633
276 560 64327
109 411 16763
528 876 40224
726 830 41773
97 615 18385
152 406 27459
260 640 44654
205 247 49980
426 816 31890
98 541 64815
284 697 22561
722 742 41485
225 712 52631
598 738 29069
245 528 40522
359 856 14765
312 687 69836
219 301 34132
175 717 53852
173 183 50249
128 776 24166
278 879 12000
635 795 58898
41 525 33601
2 506 48094
13 467 50160
205 274 19925
388 607 32016
23 527 23345
280 419 24207
576 809 51624
510 862 34482
44 601 19723
58 386 14560
267 333 28018
610 727 31906
420 548 26870
217 303 24739
465 820 47202
629 692 28425
252 588 34015
193 634 47170
171 867 17493
67 594 41049
159 434 25080
133 313 31145
408 573 37108
553 600 69231
56 864 29833
406 860 52555
497 666 44944
168 523 40447
267 843 47265
338 469 40719
612 690 20000
245 662 42544
113 642 21541
224 569 49649
279 727 16763
318 738 52086
278 307 46271
513 866 16125
117 366 37336
30 261 43417
149 795 31145
286 558 10440
9 661 18358
210 270 40804
153 690 21541
514 858 25495
649 811 14422
200 388 28844
684 796 25318
96 796 57009
319 575 41593
152 860 44721
221 735 30806
471 477 12369
391 531 18358
411 786 39115
66 432 36014
132 230 20616
840 872 18788
651 683 19235
388 448 11180
83 747 17029
442 804 37643
313 496 26907
187 449 25080
11 652 50961
151 357 16155
218 297 38588
175 830 41593
673 716 57454
333 353 30083
305 339 51614
532 752 11402
288 800 32202
420 823 28460
202 537 33242
343 672 47802
533 670 21840
60 594 44102
69 317 15264
95 174 26926
288 737 34000
583 828 48010
463 493 35384
417 711 12369
240 686 50606
288 367 41231
684 865 19026
121 224 57070
234 602 21024
433 456 11000
17 539 10050
84 202 19105
220 679 33615
627 839 15652
192 271 61685
371 820 35171
58 752 38601
108 451 17117
485 704 29069
123 544 14866
374 728 25807
130 465 57385
425 607 27203
89 268 33838
152 622 24187
356 379 65742
500 876 58241
440 875 32202
369 519 24042
266 438 48374
480 842 19698
322 580 24698
211 707 48877
143 492 50537
108 261 26306
450 503 15000
110 361 22204
497 590 23707
198 598 21587
292 574 17029
44 477 20100
618 784 30594
133 641 23195
295 435 15524
561 823 32802
574 815 53907
306 681 15264
430 446 22804
549 841 32280
443 762 44553
445 681 40224
587 612 26476
380 817 19105
301 866 29155
502 657 11180
404 863 17205
221 576 13601
136 791 39825
345 750 14866
239 495 49518
374 658 30083
268 688 41785
115 180 29411
105 117 42154
390 771 30000
678 823 21541
204 767 60374
329 376 30364
300 870 29967
650 859 25942
304 451 108374
167 534 47381
34 664 48166
279 760 20591
376 696 19925
53 625 38118
562 639 34366
241 745 42450
231 245 40000
423 471 13601
24 628 24021
125 697 38053
343 689 14213
331 510 22136
83 332 45651
364 825 48765
392 838 16279
705 879 49649
616 857 72139
226 429 13038
336 764 32062
128 346 26907
251 516 26907
279 474 12530
92 422 22804
305 538 21840
522 779 12369
379 613 24187
67 264 19849
483 640 43738
574 846 24083
635 679 49649
75 731 60374
448 714 21541
5 271 41437
739 859 46325
109 864 20000
44 735 27459
263 857 37014
17 340 24083
324 647 14422
68 447 25080
525 716 16279
351 726 39825
503 589 46098
470 742 30529
189 852 21190
6 163 21587
157 266 33121
13 267 53310
60 103 53740
370 571 15811
55 67 23259
147 872 41146
36 284 31385
132 253 40608
13 843 26077
369 405 27857
387 625 16155
183 797 26077
124 215 15811
144 412 41110
27 99 26683
107 231 52498
179 375 35355
19 521 20100
487 797 29155
586 658 33601
501 508 54231
375 680 41773
458 770 14422
442 857 55073
386 610 27731
150 358 49244
648 677 39408
717 813 79555
377 570 28302
267 467 25020
253 412 39446
322 573 10817
62 535 20248
188 432 50448
224 448 35847
4 728 53488
437 532 43324
248 742 30067
160 483 28653
315 739 40460
680 795 46573
511 730 27074
221 708 44147
576 826 41485
482 821 15000
283 848 31241
272 652 13153
704 710 40262
413 863 22204
842 862 41437
79 332 55154
194 545 23324
38 768 31145
51 870 43566
219 723 24083
220 635 66129
553 641 37577
22 722 48374
74 119 23431
399 523 40000
539 609 47760
96 718 29120
113 778 10198
70 677 39000
185 762 33941
491 806 34713
136 153 32016
288 754 32757
433 603 32985
409 498 28844
182 278 30480
280 776 34785
125 466 38833
197 288 64405
178 781 27785
56 347 16492
320 447 90785
221 826 43267
284 341 43186
701 719 35777
623 878 38013
184 481 24166
206 650 49477
22 742 35057
174 537 17000
196 257 13038
490 677 16155
603 775 20591
121 498 10440
330 614 43186
107 662 33015
718 855 53712
145 521 49739
44 276 69642
231 662 54571
336 344 27203
39 129 30610
352 424 37121
298 566 57245
338 527 34525
234 625 22672
61 874 32140
628 725 17263
219 513 30017
208 796 85843
682 761 37483
737 800 20616
48 182 26926
573 639 13000
52 545 52010
3 122 12369
92 266 27857
70 508 29000
129 665 18111
332 592 20809
72 291 19799
6 137 24759
828 868 51352
297 695 26571
15 747 46861
140 489 23601
23 338 21095
386 532 43081
720 756 61717
448 507 26683
180 408 56080
304 491 46648
13 693 57245
452 627 24042
566 609 24331
139 769 67052
346 734 30067
174 499 18028
716 759 33541
633 744 34409
198 668 19723
16 59 19209
176 590 34785
644 788 24083
584 851 27295
492 707 54452
300 415 53226
280 734 32527
199 377 37947
5 836 33615
157 802 40792
620 781 33136
431 701 31623
240 266 22000
292 344 35384
104 770 23259
312 785 52631
75 287 59841
80 783 32696
398 862 37014
450 589 45277
673 814 46043
262 535 35228
386 759 20809
423 787 33377
242 244 46325
199 570 41677
218 311 39115
404 413 15264
331 862 37216
12 555 35693
77 111 35171
486 509 37736
141 202 27295
119 839 10630
364 807 21401
235 699 18788
650 784 56080
492 720 21024
159 359 54781
195 488 20248
158 531 21471
294 505 45398
155 741 46325
371 782 48918
553 740 60671
227 730 28071
263 850 27785
226 235 32388
212 572 48104
282 796 79057
227 612 42450
468 647 28284
66 491 28792
292 666 32450
329 728 33136
404 799 44598
93 397 22472
485 725 21633
47 390 28460
479 861 60133
4 171 22091
44 46 19925
74 625 52811
425 810 10817
413 443 58215
354 655 18358
93 436 25000
254 490 19209
138 297 48166
176 520 37121
254 421 13153
285 798 54129
9 316 61131
68 736 50804
329 867 34482
111 338 31890
449 662 43290
95 180 70937
435 850 26173
468 854 20248
500 798 29833
223 547 34828
692 811 32757
317 530 47434
183 794 25000
126 636 29614
131 400 22847
389 633 25060
84 772 32249
655 681 25239
85 551 46615
247 489 35440
215 828 32202
263 804 47202
324 812 28231
34 750 13892
7 119 42544
229 837 24413
126 360 22204
480 563 16763
40 283 28160
450 706 29411
574 668 36620
362 623 34928
232 771 33061
592 747 42154
468 506 19723
190 223 34928
178 706 44944
406 486 43290
51 846 13416
372 720 46648
177 542 62968
37 48 45967
356 632 24187
526 619 22804
474 807 27586
272 857 37000
508 638 10440
25 337 36014
250 755 22204
76 613 15232
208 843 21190
23 868 23345
175 457 21095
176 847 49578
495 761 42720
562 837 35468
726 834 21024
196 213 26926
258 291 22136
105 130 34059
206 784 40706
248 470 14560
197 737 52154
269 292 30067
340 855 23409
198 804 33242
24 725 31385
273 631 36125
422 667 33601
46 89 30232
207 822 20616
177 767 10817
243 534 55543
3 321 33121
438 802 17000
451 817 19925
279 752 26571
470 787 39850
27 216 22136
114 828 49204
119 251 26401
512 736 70767
88 796 64537
173 605 37363
365 820 24739
417 591 13601
96 195 44654
43 732 10440
79 698 33302
146 222 22804
150 209 18788
407 543 49649
172 541 25554
332 556 34713
379 565 22023
645 833 53666
39 359 32894
30 617 37643
155 222 40608
348 724 11180
524 826 27459
155 290 12728
210 617 57454
102 302 16553
734 776 15620
538 751 15811
647 812 29206
449 559 15652
312 392 38000
78 353 42059
213 777 21541
123 139 30871
21 533 19416
342 732 44407
52 713 38601
116 247 53535
406 679 52086
12 114 61221
483 676 11662
11 336 44045
363 436 60638
604 803 46957
32 142 24739
423 576 44045
81 316 30594
225 533 79120
66 806 18385
577 804 30610
222 782 24083
224 612 57079
160 748 13038
148 256 25495
315 495 50000
142 678 35000
127 768 31145
176 689 48374
70 281 17692
80 698 33971
685 753 111463
19 766 14142
147 805 14036
42 778 28425
593 860 24839
14 428 49649
435 805 36878
475 722 29000
2 271 45122
56 201 37802
560 688 30594
63 461 58421
262 302 51264
36 40 26000
250 309 19647
8 493 12083
251 839 30364
606 721 10630
9 81 66491
153 500 48826
26 123 26000
383 395 40050
462 712 43012
621 651 56436
143 251 23345
186 214 17692
191 621 32985
760 807 13342
476 782 30887
497 672 45044
245 876 34525
161 557 44777
158 820 32280
86 400 26926
250 831 25318
122 330 42059
575 872 11705
428 839 24083
506 621 35384
360 441 26000
785 838 44822
5 784 26926
294 365 14036
355 551 39115
218 620 47170
571 835 23259
197 581 47127
269 344 26306
493 836 17889
675 851 30083
74 627 15524
175 473 39051
211 789 51478
297 311 55543
296 447 23345
308 648 34655
431 536 35355
608 779 32016
474 752 27586
378 833 44011
186 356 19799
42 802 20881
579 693 15620
49 262 14866
169 307 18974
30 108 68710
456 457 16279
593 657 20248
116 274 25632
183 862 36014
112 125 37336
28 619 33242
104 658 41110
35 626 15652
484 822 17493
550 594 22804
112 697 11402
335 495 51352
461 700 29411
726 801 33061
258 670 28460
536 871 39623
324 383 36674
579 843 44643
525 756 70036
301 610 46530
142 637 89157
378 810 28320
145 216 50210
70 421 16125
663 825 41195
269 668 33838
488 865 30676
407 611 36674
505 615 37443
361 609 73007
550 831 22023
177 491 34132
322 639 21024
269 442 29732
107 229 26019
371 391 28160
250 594 33941
409 869 10817
673 759 48847
620 851 34785
169 879 16031
463 682 53852
124 469 31113
271 564 45486
129 270 36346
76 774 21213
549 611 38013
616 840 36056
226 345 31906
440 461 45188
578 788 48795
314 374 33541
323 875 37483
53 489 41593
341 640 57201
4 329 49041
561 637 35468
216 238 42059
581 865 24042
524 576 31064
436 677 76243
35 816 33377
271 660 36878
285 645 39962
727 760 14318
307 879 34366
392 472 28844
532 736 62626
324 352 45177
225 418 21401
559 801 21954
195 796 20100
825 866 26571
193 856 45222
701 871 33287
120 332 45891
220 664 39459
3 541 53235
515 582 29206
357 535 25710
63 758 24331
284 455 19105
556 763 32311
420 561 18385
1 394 19105
602 625 16492
350 863 19026
212 496 19026
182 844 38949
411 741 164985
501 624 50090
42 720 46819
36 341 20000
259 487 33015
524 870 17029
88 96 14318
534 542 42190
401 466 41976
213 555 59169
289 555 29017
21 858 45277
433 473 18439
371 465 29614
81 368 23409
346 419 52498
33 599 59666
176 861 53009
457 775 11402
258 462 50448
653 876 39205
330 384 26571
65 642 56462
53 247 29155
418 712 57306
396 442 17464
328 563 22204
498 874 31064
672 689 61098
629 649 27803
733 808 47011
676 801 25807
296 414 10198
164 356 39205
724 769 73430
27 125 18439
60 453 15811
278 746 78339
150 334 27295
32 678 15524
166 824 43463
358 476 37590
246 809 57009
698 783 13892
24 223 24698
360 373 19723
256 517 20224
555 777 38013
456 473 12369
337 743 14036
166 523 39560
310 636 28160
304 765 20248
714 862 52431
321 614 24083
78 467 13153
198 396 25710
304 522 232019
211 756 54120
287 731 17720
489 673 45967
73 743 17493
138 439 35341
38 792 21401
56 334 35341
324 661 30414
479 753 28018
91 546 25710
50 526 42426
171 368 20616
255 357 22136
323 427 16155
368 867 31257
18 192 55758
421 490 10198
57 390 24413
305 799 49041
187 662 37590
373 545 29428
783 854 20881
31 715 48847
512 599 51108
15 651 33734
685 818 18385
21 670 24166
204 542 17464
318 721 18788
49 75 69778
588 654 35693
86 723 24331
400 723 25239
91 446 13454
193 656 33734
135 700 33541
44 89 47508
48 844 50120
132 717 51400
544 674 33838
195 361 34132
141 499 18974
29 101 142285
205 551 39051
339 768 28231
642 778 28425
99 125 32558
436 699 23431
339 538 48836
38 805 33971
22 197 34132
314 641 25807
121 569 16971
40 845 16031
674 781 29411
133 314 19698
256 490 41976
455 833 49729
71 238 13038
248 423 29833
511 874 35384
72 258 22136
30 608 33971
354 681 12166
185 749 54203
29 652 50774
87 484 26420
818 877 33302
248 477 26420
187 260 20616
3 98 47802
769 792 35355
443 749 30083
552 671 43174
88 208 46861
756 790 37643
355 811 23431
260 483 34132
209 825 42426
238 659 28231
444 733 25298
10 45 13892
106 592 62968
214 356 27074
59 568 17029
258 533 35114
281 508 21401
166 869 44045
317 558 28320
390 644 16643
189 282 36715
57 751 41869
56 146 51788
269 396 20809
305 578 38910
168 234 20100
287 736 52697
87 840 13038
225 774 52802
275 835 39319
106 732 40262
342 763 33971
410 444 30594
133 740 35000
565 858 19416
242 691 14142
242 555 45891
666 764 49244
71 632 24839
330 733 26476
259 480 37736
193 398 25495
153 791 26019
701 743 21840
522 608 37336
115 552 36346
208 282 60407
29 857 68731
359 402 24759
626 816 27514
350 404 17493
47 315 33242
300 826 41593
19 145 45277
616 872 26476
370 631 46519
587 643 21401
55 782 75664
78 267 26926
76 379 10440
232 293 18439
135 378 47011
116 205 33287
591 711 23537
236 728 31765
604 741 33615
134 675 55227
115 174 36056
36 283 13601
658 696 24083
61 511 21840
386 814 11000
135 394 27019
218 674 39699
55 371 63702
214 379 61033
460 659 44721
170 581 56303
118 671 36497
659 697 28844
133 496 21401
106 342 16279
186 640 21471
426 626 12166
100 776 27659
798 845 44418
417 742 12083
787 847 34176
349 708 23345
341 460 31048
560 704 58181
582 634 23022
144 821 39699
287 437 47539
653 662 47170
127 482 37202
135 607 26173
631 835 30150
513 825 33377
449 801 27731
451 557 38897
117 365 31401
541 800 33377
631 745 56727
744 871 21213
97 835 35468
408 853 41110
369 748 29967
170 197 45044
109 786 46400
235 345 13000
64 206 21024
140 535 42544
766 858 47011
328 629 37216
737 852 18028
110 488 19849
500 587 10817
268 288 37736
25 33 21954
91 181 14036
24 416 20224
213 228 18385
281 677 52631
77 78 43139
305 751 22472
254 508 46065
304 779 219659
327 757 24083
634 856 39115
248 787 42802
11 272 39395
100 416 29206
224 643 54672
405 519 23022
588 664 10817
151 535 15620
27 567 21954
412 821 21401
228 257 34713
310 472 17889
119 627 22000
582 856 30529
353 855 12042
432 806 34132
228 233 52393
581 684 35384
523 692 31048
536 634 34482
184 709 37202
536 844 44922
495 788 38419
154 179 46098
341 697 54589
343 520 20000
481 690 24042
257 630 43324
79 819 43966
154 654 32016
42 105 54708
303 651 34886
241 785 38910
45 738 30232
263 319 11402
44 221 33061
290 604 53759
34 502 37363
230 706 53038
226 780 26173
741 803 26249
255 489 36497
512 637 95802
8 385 18439
126 838 29069
222 864 61351
464 710 52202
155 411 119206
565 774 14142
98 346 30000
377 830 28862
751 849 20100
26 781 54231
349 704 38833
299 464 11662
13 529 37216
180 184 18028
600 740 23409
108 557 39319
39 210 21095
89 288 31000
275 286 46065
52 194 45177
129 159 55444
543 549 63789
286 703 41049
398 794 32311
104 696 26420
107 834 23409
201 358 29428
418 519 11662
559 662 40706
94 441 44283
95 853 35903
482 849 31145
141 372 43829
49 165 23854
424 770 51865
317 755 19416
323 681 10817
422 687 40112
496 586 47424
571 583 39051
375 687 13038
607 714 39294
376 867 24187
217 271 39560
235 429 29682
92 362 32280
124 233 21633
543 578 25554
25 116 45453
118 523 42059
47 644 29206
528 639 59414
638 729 29000
440 758 17692
486 580 13892
267 353 31906
7 53 58009
427 445 36056
146 782 32062
481 730 20881
568 682 115213
335 463 34713
685 722 85147
59 564 11045
93 280 28792
254 517 23022
433 676 28862
622 837 27586
28 494 34482
608 705 40853
464 606 34176
255 437 29069
691 831 30529
538 849 18601
514 521 53141
235 280 38288
53 789 52393
329 658 31064
330 429 35468
6 26 40817
209 334 34000
264 550 37590
343 497 15033
555 741 185540
91 316 17692
529 554 13601
312 422 58310
416 776 39319
356 460 28443
584 620 25632
488 877 35468
459 564 34986
793 815 52953
325 372 39013
114 215 59464
385 463 43012
410 713 50478
11 442 33941
200 285 19235
15 683 48374
147 669 33971
8 463 33615
101 672 24698
638 832 27514
702 837 29833
398 510 35228
271 618 41593
63 135 83241
428 452 13153
306 445 36892
3 614 11000
20 500 33601
389 744 16125
172 189 44944
282 693 41485
86 358 52355
217 459 52802
596 784 33061
202 772 37802
96 566 57489
533 774 44272
689 861 75432
637 746 106621
260 449 20591
223 308 39013
414 532 28160
165 599 55785
145 546 15620
203 808 38328
337 595 38184
799 822 34828
188 306 50537
503 781 21633
166 671 27019
229 702 11402
427 681 21213
248 591 25239
29 749 81566
173 794 38079
73 337 16763
434 665 37696
149 853 30463
80 424 47707
10 311 34366
581 818 28000
289 309 48549
423 735 13342
41 723 39205
97 275 27203
264 594 40706
128 734 22361
90 630 52612
306 806 43566
83 191 34886
709 791 38639
541 646 35511
82 482 23324
738 793 31257
380 491 39051
173 656 29833
41 790 68884
485 560 48021
447 807 41761
754 800 23022
94 410 49041
46 601 16125
259 551 56613
361 818 91093
621 854 28792
487 862 30676
150 347 12649
317 478 25495
645 845 42426
95 408 66129
628 710 56851
53 387 34176
199 675 25060
348 850 43081
526 567 34928
370 583 49244
508 729 35355
402 617 41195
261 557 53009
443 840 51614
598 793 10296
567 619 22361
771 773 41437
605 656 15811
557 817 43841
236 526 24083
539 630 82928
268 560 22847
558 703 39850
663 786 16279
348 804 39395
460 632 36359
384 444 27295
203 646 21840
211 516 20616
249 825 40311
235 419 46174
1 607 21260
62 75 68884
16 564 16031
7 789 29530
73 719 26926
724 827 65765
354 758 10770
104 819 27659
168 602 29833
325 720 23022
395 518 30480
181 446 10770
152 694 40719
309 755 18028
415 826 44777
253 773 43417
137 768 33526
4 236 40497
384 410 10440
397 436 42521
439 721 21954
540 543 19698
399 452 37014
449 676 34482
146 476 30232
160 640 33615
200 224 55714
200 607 41195
333 718 22472
69 478 18788
364 727 41437
161 491 44777
360 636 28844
265 472 33136
838 868 87864
243 572 29017
263 348 54589
200 448 35735
157 585 10296
216 494 37121
190 648 33121
176 246 50922
148 597 25962
494 546 30083
82 538 34059
116 595 34713
135 600 85703
189 873 11662
71 164 13000
106 763 44777
10 738 38328
249 663 26833
351 603 22672
358 504 26870
584 813 49679
226 588 40162
35 190 28000
580 853 24413
277 650 33601
213 630 73593
228 777 22136
74 399 30017
89 560 42202
695 816 19799
606 710 32450
293 859 25710
80 854 25000
125 401 15811
136 528 30610
273 623 43829
84 680 77820
759 814 17029
355 649 30806
287 454 39357
500 643 26926
218 695 24515
265 312 50220
466 697 24739
403 637 21471
445 806 18788
178 620 19235
102 140 24352
33 829 38588
367 601 27731
103 531 51157
816 851 42190
46 367 13454
310 392 25298
45 139 38013
215 228 61392
381 873 20881
51 666 17117
132 162 39319
699 750 19209
4 181 30017
715 765 27074
444 554 46669
172 737 43382
106 167 42521
415 815 38275
199 597 10198
408 709 12649
554 713 38079
426 547 22804
156 795 31623
348 577 12369
289 530 48010
291 462 33838
34 220 60108
49 62 17205
126 545 23022
711 742 15652
1 700 27313
406 509 35468
393 615 28844
54 330 26306
68 414 31145
274 595 18868
187 653 41012
536 605 18868
91 494 17263
199 501 49739
54 614 33541
329 696 36401
137 792 16000
156 772 25632
85 431 49649
403 829 46239
162 773 32249
515 634 38328
63 700 75591
20 845 37577
145 164 34482
634 656 33956
39 159 62968
30 451 85381
105 366 48754
271 459 56223
87 207 20809
103 317 37483
297 299 42544
260 341 71063
445 491 35384
12 215 70342
32 37 25000
295 850 15297
380 451 38833
138 311 31828
381 581 47000
324 395 42438
407 788 16155
120 191 30017
53 74 57009
160 405 20000
326 719 38588
31 304 71868
104 556 39812
215 233 26571
477 601 21471
297 426 34132
291 293 42190
507 842 24083
43 167 28320
401 455 42942
298 361 29547
276 708 15232
438 686 47634
137 163 23345
370 745 23537
158 391 11662
765 767 17088
413 840 38484
591 601 14422
214 748 28636
82 127 35440
194 527 50249
423 809 39812
351 775 25020
393 531 48795
187 848 58310
585 623 33242
169 705 43566
654 664 29069
117 130 44777
491 765 29833
664 750 44011
92 623 23022
204 715 52631
372 686 37947
217 651 37855
243 658 43174
180 824 21932
68 296 23022
155 803 20224
212 432 42059
145 494 38013
18 518 31780
457 603 25807
131 790 61814
769 827 21095
484 669 30463
182 746 56143
300 846 25298
249 320 35171
37 823 43932
434 700 43012
110 818 71589
517 597 33541
367 591 37216
285 810 25962
436 593 49497
20 876 37643
469 868 40522
90 237 55471
277 784 62610
55 453 11180
207 413 27785
95 156 12530
480 487 39319
521 766 15620
9 521 38013
107 624 31575
749 757 42450
346 485 35609
37 389 13601
383 661 21954
230 589 43174
27 50 11402
17 566 37443
526 641 24739
727 866 48836
134 175 51662
197 852 43417
179 220 52326
65 504 40460
203 541 46648
309 691 37643
259 563 45000
170 685 35440
566 855 63008
729 832 29428
357 489 32650
330 444 13153
241 667 12042
4 430 15000
115 499 36125
162 462 23431
318 815 18439
100 397 25942
479 847 55785
42 113 23324
326 829 33422
396 668 27459
203 733 28160
237 257 18385
613 774 29155
259 649 50537
2 217 25000
366 878 17720
311 544 34886
151 454 17692
294 393 44147
542 572 31575
580 795 39217
77 90 27659
102 535 45044
622 694 40608
152 509 28000
703 835 38949
373 441 13454
200 425 30806
325 686 45804
94 588 39051
57 771 17205
35 148 53712
536 633 49518
441 636 26000
382 618 67742
7 516 17117
400 504 43081
72 277 15264
309 831 25000
188 600 14036
153 876 62610
208 718 46530
485 688 32894
92 240 10770
9 324 43290
268 754 27000
11 101 45804
596 836 11402
246 870 10770
635 680 50000
31 534 23345
363 677 38626
277 382 50922
27 28 25710
252 265 24413
362 667 14318
241 273 54083
469 828 20809
259 328 49820
144 253 28320
14 839 53451
303 683 22023
319 435 32016
581 877 25710
474 760 17464
233 237 23707
156 537 34713
58 610 21095
131 723 13892
694 832 21213
523 869 46098
111 124 42485
296 474 26571
350 540 69116
412 849 20616
5 660 32696
440 655 14765
383 514 21024
299 628 47760
455 845 34132
394 607 14866
497 764 32450
201 347 34713
570 675 49244
320 786 29155
611 841 10630
646 808 32894
107 702 18028
244 741 93408
750 780 34059
409 629 18439
328 409 24352
322 853 14213
50 833 35228
69 250 19925
270 427 32280
399 625 36139
327 857 74169
64 493 20881
385 568 20881
371 453 57628
382 518 44688
100 363 31048
60 531 36401
785 466
647 83
236 577
727 263
562 79
323 249
695 747
534 31
640 220
224 315
100 245
282 918
226 700
616 686
710 58
562 36
148 805
577 101
607 262
627 438
551 172
61 560
267 764
258 457
851 716
288 270
694 324
700 299
141 153
986 476
912 226
942 672
862 735
354 549
315 412
620 378
927 652
292 231
903 478
644 388
642 821
555 757
844 196
100 484
212 308
106 503
435 113
959 619
826 780
705 327
111 356
253 701
742 713
280 583
446 949
604 946
394 124
723 854
577 24
439 923
671 551
812 790
831 374
509 48
581 849
899 317
436 970
785 907
372 904
406 456
634 289
495 150
866 675
689 692
856 843
552 246
198 794
228 763
734 160
687 158
705 206
328 187
733 99
529 652
828 603
615 869
250 160
144 725
131 520
192 821
687 249
467 726
321 522
350 645
545 590
130 728
416 838
223 531
668 318
301 478
63 272
803 728
401 885
797 191
538 809
831 147
493 441
961 412
617 975
67 699
232 803
655 329
567 777
320 870
602 592
816 687
499 825
643 654
674 710
728 130
697 556
239 589
278 294
251 841
690 342
328 703
318 221
261 489
884 454
540 843
599 838
443 240
794 312
404 318
766 426
587 506
305 232
235 342
250 307
780 736
572 637
966 666
635 727
390 234
652 267
553 937
266 194
362 386
525 583
612 918
791 785
457 530
619 505
388 631
514 987
534 596
509 745
471 899
841 489
529 315
944 368
438 201
328 228
622 284
846 767
666 597
863 175
720 640
991 546
34 587
729 241
170 604
846 582
568 604
454 331
52 392
908 298
352 315
434 628
611 564
701 248
969 594
803 556
610 546
250 73
577 322
538 389
824 348
128 620
315 440
702 115
624 131
862 530
293 722
93 703
224 900
79 589
156 291
397 377
728 448
574 923
548 650
223 606
890 238
788 669
500 67
267 148
180 695
620 901
901 457
670 768
826 296
238 923
564 310
264 850
687 303
640 59
291 341
627 863
397 591
102 451
539 955
281 448
708 500
507 257
314 593
680 528
251 910
494 467
427 253
533 475
441 132
239 859
722 660
319 561
749 297
218 870
647 290
465 16
471 716
413 740
334 962
842 222
379 973
557 443
100 409
771 716
57 495
690 924
378 923
658 731
366 637
411 215
394 435
755 786
373 409
225 887
502 171
773 576
533 369
965 438
836 769
188 220
421 983
380 657
493 716
205 749
163 531
114 297
889 418
603 73
116 209
443 785
807 663
394 854
159 447
508 142
992 574
735 874
294 532
418 469
160 638
616 391
647 362
719 431
353 875
797 833
131 551
318 954
505 978
481 164
112 327
459 128
460 845
227 231
766 894
271 374
91 733
250 411
131 386
656 845
818 721
646 35
950 287
348 144
869 371
997 528
320 449
359 928
361 682
258 320
391 706
825 315
786 294
459 90
699 236
364 891
184 377
199 217
681 958
265 561
526 546
883 393
645 177
548 712
869 694
156 147
724 567
774 249
276 609
798 483
773 121
177 748
636 931
480 44
72 279
850 680
256 782
306 174
172 807
604 366
815 150
37 339
88 301
331 566
241 507
608 930
196 274
168 437
275 101
473 365
690 181
188 776
865 382
757 651
591 308
776 779
569 894
892 509
310 690
64 721
436 735
331 470
705 918
474 844
494 788
115 513
713 228
523 277
377 792
489 902
547 673
300 673
792 261
451 659
765 220
433 365
725 403
562 249
951 357
112 634
556 159
612 193
301 618
546 17
727 840
754 681
744 472
916 644
408 104
461 905
353 706
417 855
783 447
610 153
131 285
313 501
839 519
704 666
590 859
699 355
909 491
912 758
266 116
513 303
462 557
393 59
568 528
716 590
304 628
633 980
377 195
253 124
764 884
179 409
278 460
70 520
494 274
275 547
927 722
392 448
449 712
64 466
727 184
753 430
289 403
898 387
665 678
303 586
715 272
875 619
863 316
498 318
831 466
231 216
345 529
753 815
541 722
220 374
843 391
310 664
124 269
195 129
274 622
900 351
697 258
762 917
739 482
515 379
362 282
959 395
667 665
444 938
779 798
661 375
487 318
475 329
784 189
608 17
596 336
824 432
453 183
503 18
240 405
518 896
658 364
230 750
661 141
273 819
43 499
68 479
377 690
484 306
741 885
19 507
536 912
80 482
389 896
5 483
753 544
632 536
348 199
515 340
263 183
213 485
505 562
792 549
82 686
761 750
382 450
926 327
590 704
529 42
690 266
429 50
807 295
52 338
700 566
578 619
647 465
440 402
390 539
350 273
550 875
454 800
644 131
745 508
435 456
485 530
819 490
650 557
874 825
657 862
591 192
939 565
678 749
393 412
590 130
500 284
49 355
609 242
998 514
680 634
115 412
669 801
747 321
250 748
568 482
245 668
319 906
452 889
767 856
535 183
896 209
801 773
892 588
560 619
354 165
138 804
344 105
183 582
874 245
352 87
289 304
305 702
662 255
303 421
908 703
362 24
388 965
790 630
607 628
755 349
241 655
289 953
780 155
922 407
343 872
501 386
172 510
944 715
493 520
737 549
578 35
563 227
117 784
713 313
566 11
685 544
418 341
368 805
843 251
532 537
125 338
218 180
98 438
184 277
365 109
188 659
517 569
65 634
921 542
329 803
359 333
500 740
827 252
656 471
352 606
385 243
63 359
78 509
785 104
394 522
402 947
823 653
534 53
387 379
161 312
900 781
823 362
90 501
743 659
490 350
452 969
882 572
208 393
769 452
963 501
93 788
702 852
400 23
651 497
538 252
247 577
433 831
203 171
950 487
566 92
733 303
335 324
670 107
460 506
468 749
462 447
739 675
301 405
674 688
234 456
728 604
184 873
419 812
615 305
928 622
902 555
459 568
334 674
931 748
432 466
527 525
558 332
771 315
559 797
673 458
417 90
685 410
202 612
657 169
344 424
750 621
488 115
677 51
114 196
567 418
387 599
856 398
869 563
401 541
800 232
636 316
575 49
631 204
520 422
666 936
358 597
866 452
94 354
422 732
146 308
291 171
529 162
649 618
50 293
729 783
321 315
375 365
505 346
367 456
938 687
410 560
459 618
877 384
451 4
668 34
91 658
24 621
511 685
452 672
202 516
28 350
639 513
348 964
710 626
200 649
420 513
296 365
784 214
652 340
712 135
327 544
796 441
857 645
487 458
355 834
200 459
948 539
390 291
628 743
145 441
580 524
190 420
73 532
466 224
276 670
759 490
931 271
680 813
474 281
158 736
889 661
571 713
201 385
19 536
611 845
206 279
231 473
492 400
719 879
777 282
452 487
652 530
802 816
841 186
250 614
271 509
77 469
826 877
131 585
187 325
490 64
815 340
469 998
59 525
851 666
900 642
382 769
973 650
746 88
536 304
203 100
342 556
367 156
760 865
6 511
163 558
360 910
618 753
172 129
855 378
710 828
725 892
414 10
226 97
792 125
70 311
933 298
597 252
917 292
295 200
270 243
776 201
408 134
525 620
422 173
549 225
472 340
283 499
258 931
577 775
995 502
340 590
338 291
521 939
700 128
536 86
378 757
654 947
31 461
399 74
721 761
589 777
618 531
305 248
156 321
827 549
504 606
95 683
789 578
666 442
299 146
150 577
490 367
549 737
494 990
160 258
267 208
892 334
722 905
213 643
47 430
744 424
742 633
634 151
397 301
727 829
166 373
310 379
953 376
37 634
776 173
480 868
360 208
272 168
918 695
626 580
662 895
138 427
252 232
290 831
895 715
461 372
374 948
423 492
709 362
501 419
389 815
545 50
480 487
350 722
667 702
237 159
393 15
761 526
200 702
935 575
643 404
123 362
19 429
592 411
369 176
212 234
346 357
121 600
537 555
680 134
180 785
905 516
151 221
574 211
465 103
413 538
9 423
802 520
256 102
597 975
72 657
671 870
744 232
284 780
710 599
104 399
885 627
229 176
118 614
674 583
857 420
591 449
59 659
499 771
992 562
