30 30
5489 738 7 6999 5519 8915 5083 3321 7315 5569 7445 7401 1148 7193 9918 6367 386 5212 5672 2917 6027 6520 1506 5982 6749 9035 6022 8647 7020 2558
4864 5020 6899 2831 5918 4021 2744 7618 3127 8092 7713 9834 3387 8381 3411 3666 9825 785 6633 7706 9615 3515 5055 6959 7132 6944 6147 5034 3681 6292
9172 1565 9070 860 7204 4484 8473 3207 5629 3531 1063 1556 5096 3923 9826 7107 780 5495 5773 7937 4333 3433 3939 9565 3734 3853 447 9695 8331 3164
5642 636 780 4420 3294 3049 572 854 3939 724 2315 412 2338 1486 5368 3827 2172 4049 6330 7285 3263 930 7549 6144 6200 7690 8201 2587 7282 6274
3928 1590 5025 7211 8664 9834 5817 506 2608 9929 6936 5747 4588 4092 7768 1146 6753 3725 9376 7212 2504 6307 2574 4105 8259 6061 7021 1325 5686 3186
6234 2122 1824 9007 2456 2938 1922 421 8737 6432 5408 7979 1149 6144 4356 4618 4772 5524 1334 400 504 8675 1270 4585 7693 5484 385 3345 5238 6919
1987 9332 4400 4986 4485 8314 9172 4238 2898 9713 8974 4705 687 5054 4129 2521 9200 8690 1558 3637 4489 1570 7972 9721 2018 8252 7148 8580 389 5465
4700 5065 3386 3041 7354 7624 3729 7150 1416 5457 2566 7411 1367 7450 5422 9646 911 2331 9750 4280 1450 6125 3119 4578 1617 7925 5330 7823 8511 16
3811 7476 6453 5578 6378 4052 7547 1953 7972 5243 7630 9859 5926 9746 9405 3014 8026 3669 6746 997 7533 3785 6839 2882 7240 9519 242 1343 2046 6191
5698 7633 4824 8341 4334 5068 1309 883 2104 1544 6618 530 6375 8637 6787 2093 125 8517 9037 8527 9874 9346 3225 8774 1963 6991 7720 8969 9603 3024
360 7559 3637 9357 9136 3986 3396 5481 4658 3282 7883 2881 3730 4107 6537 894 7441 7250 7461 3176 2075 3407 2812 2431 5674 5442 4925 6427 9011 4039
3923 5966 5857 922 8997 7404 8274 2909 2790 3174 616 3976 7162 7853 5818 3322 6847 9506 1357 2144 5792 3079 6777 4984 6924 4433 6004 8168 2335 5211
598 9582 4646 4761 9263 799 5432 8155 5912 9766 7333 4816 1900 5426 4390 7429 1857 3619 6188 8446 1468 7835 4081 7579 384 292 8513 5295 2476 322
2427 911 4370 3598 5500 6954 3007 6177 8039 2939 6871 1302 7569 2755 5588 5081 3464 1738 2071 3912 905 7748 3446 6324 1054 576 9223 6615 293 9652
4419 535 2592 8275 3879 4420 9453 5556 1007 7863 2449 6650 1811 9168 5795 3803 6979 6199 2927 8799 8201 6432 8476 298 9654 8829 2509 1762 7420 1358
3278 9053 1237 6399 4425 834 7939 9782 1334 9676 6733 9792 4172 7738 6514 2393 7793 2975 2148 6848 7163 5660 9535 2903 3684 1176 6455 9412 1329 7787
6719 1518 6437 8259 3446 4325 4403 7633 7958 6670 3368 1332 1108 7738 6209 4267 1366 2285 106 6838 3363 9805 9284 1718 1956 6975 5158 6573 3886 4879
3355 9226 7429 7366 4686 5911 8979 2639 8593 145 2740 9478 1614 3634 4932 9464 3573 4017 8838 3903 5238 9877 3651 2216 8085 8330 8899 31 8619 4478
5805 6179 2157 7167 1310 4718 7891 1819 6237 2944 3802 2730 1772 9440 5746 7789 5795 5304 4162 2271 461 7217 2314 3611 4396 5779 3856 5441 2970 243
2637 8136 1758 407 1531 4030 3116 5485 3874 5500 6671 6720 2955 2387 5297 4928 1184 599 4202 941 2146 3541 3987 5560 3546 20 3533 1006 6209 2129
8616 1292 8383 9427 7150 9159 1907 3225 2164 7374 1731 8362 6532 4597 1730 433 6206 1045 2255 1874 7236 681 4319 4724 451 1511 1422 592 4445 2938
4784 402 2642 8944 9997 4199 4311 4469 1390 2701 1087 4799 8244 8407 2518 312 8801 5449 3536 6750 4035 3263 2789 4544 9701 6284 1136 6007 4 5144
5752 1107 1299 7986 3174 2927 3334 635 3293 3763 7091 7158 257 2648 7745 9160 4874 6791 1478 5396 7875 7259 5667 2008 3999 2151 6160 1573 4190 6901
5540 1600 1063 7514 2961 4553 7332 5204 4354 7950 4320 3449 1506 1652 517 4020 8575 4329 2992 4660 1302 4347 9681 1728 8703 5035 3089 7393 7506 7560
7737 4891 7358 6184 8322 8175 1631 3542 1385 1475 2182 6213 1541 1041 1295 1736 8289 9079 2683 6728 552 4550 1342 1 4349 5700 3047 8942 2701 8219
7735 838 8054 7340 1131 7751 523 9203 4000 5641 8980 9711 4322 9971 1131 2618 9689 8815 2835 8665 1288 7137 1632 4650 5791 1538 2342 8518 6299 4658
836 2693 9923 1120 3022 7900 5703 9458 2993 34 16 3459 1835 5478 7206 1884 6760 5173 7862 1858 5164 8934 260 8356 4442 7689 217 1289 5586 9218
3977 8361 7668 1174 6816 398 9521 932 2017 2849 8816 2710 2551 9390 3967 7550 5591 6322 9902 9698 9842 7760 6491 3529 7815 2372 8873 937 9250 592
1378 1338 8574 8082 2818 7035 1841 6095 6342 6402 7578 6204 3928 2489 219 9992 5085 5274 8382 5744 1278 3764 4670 6409 7135 8912 9028 5761 6307 3779
7809 2345 9850 9022 2572 899 9470 7526 6293 8822 4464 3562 3361 4402 2328 6544 646 4715 5736 5143 9642 5799 6208 8368 8085 6071 2469 721 9345 9285
