100
381716400 267757874 412209802
695475221 273079866 463435980
787217928 207362099 389807516
447057603 426640935 664161869
961871996 939713287 630281263
525935757 49286685 868447240
215454642 182945302 47252751
123553238 78777129 776451079
619701601 36933022 14375686
509455442 201561066 396729886
67862725 22668951 898226302
558601296 423527664 521356817
571330703 334766444 446066616
183066371 40407221 351136820
955652374 597350550 334870021
84609620 83923363 421478731
268176825 204846200 282028829
411055351 180465220 389903862
835051185 663885749 90643247
227603869 194011261 2162019
873302361 117987270 116574454
66582512 4424533 796992191
969377836 250323880 908421023
173735585 119047242 491139457
55392503 38847166 297175973
504765343 58842003 981527377
437649803 399822142 873425085
721737849 61931885 584559458
583463021 103906507 475382294
972101109 608060272 85485181
796774341 361939083 615347470
715855867 404615979 665381843
521653892 308094239 282491973
832772339 355352125 863595720
411654918 311219082 761283843
826075947 561217499 684333504
938202956 495073779 418935620
839747930 188865601 342906238
405261349 52282158 177200508
737226207 49812089 604066264
953890367 890238716 894607042
550996603 85303498 165291690
701857558 241200537 17485630
919931595 413459502 92364992
173480696 26985373 550000011
819254018 498932041 300648665
999843956 355678246 985184984
792185476 447585006 557397925
179991941 106232779 165861961
974730948 328117508 297749129
954051931 188154600 392162561
633887008 598020006 961446449
634029271 242413602 931256813
801332394 321341474 691711300
83447129 10275464 663229514
693142267 382356858 229152866
267870564 181525209 883241184
857466679 146151237 965495648
779643235 622945236 106611714
157989785 105590287 343445921
655523794 22590826 755276518
412245695 163079121 125645174
76509775 60151272 388615968
360550822 304879700 42961453
501232658 63476421 298496620
741332243 77818513 999201117
287850301 252548625 88360758
130927933 120017765 158839126
448031690 410202599 318199238
224139777 158664370 123847374
602246545 67091037 831276391
613193685 321282828 528314112
44615058 8193370 888133306
224166877 161933705 944571838
15140071 13968158 985475792
164142859 95164738 799185747
264153747 60451284 173485059
159920144 24444980 537807378
704911115 493982037 295004146
938168257 48774484 840270994
867091386 196487761 29663700
182665958 100110382 885801312
246511746 68227964 85400742
161962710 118734039 889464681
396396059 310017782 699439785
894616005 400054044 208067602
62062182 25115900 57752858
680947790 146014693 459561443
237372472 231426516 855614508
333614625 198091834 392394597
773059707 415106491 63492718
24382533 24243017 892481818
128361672 8012755 503089983
923239405 847378974 902900144
817325881 606236594 506018827
891978231 795441646 355671533
408704088 496048 165174422
990695801 522463276 261574934
8528217 3269852 947299077
60246361 57469240 57544702
