882 500883891
690328076
861003432
857755499
837779386
495382058
636977052
48682044
460633405
661867680
278010591
852415905
435232156
315472847
49247212
491344840
853721142
909162492
224589209
815094045
632188523
87628775
359777672
760846512
761643306
523843753
373788233
956397411
759002772
132107006
119252989
908159180
792367139
538852424
564397435
217293372
436972088
515858694
212664955
354063657
269933439
275468688
562600083
126696512
928254456
541738068
469145152
964043969
501731457
271843745
21792909
802527698
990002461
923932990
158945141
874044787
223593212
364585458
301220279
899194050
234191645
188625917
617434424
178891231
570178290
477632393
972541549
115597664
408594623
888594814
333743343
357894388
128726101
100156737
142174788
408843122
252257146
617282528
840432626
845121773
618079161
819769633
405461849
766364346
725894973
947027122
13963776
813229910
921155920
197844676
696068961
869110343
157837193
350642763
934176515
357036290
272617172
164348773
181213864
174869
175804374
304196503
28503353
81228186
432214020
269087483
505759991
288946960
451448565
947002229
628209215
588343260
258706841
395197254
825902481
989872962
380347349
381805772
442953199
511780323
661217728
533235706
660715252
219444545
924327337
159023387
290476800
305832223
668171706
342963222
5973137
450204302
27860796
455728990
773583885
755077639
351720434
985597865
66640576
42328703
5595108
370985091
996809029
408144872
618809782
131491267
454889867
127059703
627433317
884058195
502065291
375374453
943971745
426215722
713677254
286109206
829934399
848706421
22385166
116342092
64163015
641109229
312919318
556442799
873553668
102790648
335355942
19064440
414740077
550883301
479145738
709082842
889055104
754346576
922474955
59056749
765639475
799018367
727382265
694938747
965217239
743062020
171850840
804929805
838157962
973370215
794333667
416159156
610126065
101342348
584562639
882701960
984048471
654826025
99554004
856668977
144367458
857259303
38307137
606913729
878518257
337454516
390643669
774945979
582924054
92158158
360323007
391664208
368573654
271707821
448204712
673233626
905439346
705722109
303106055
114315524
976770149
982038880
273457779
350737165
734949972
831882724
44872521
747990300
61873750
192302920
491548048
370734172
272834560
132620508
299525551
364740533
796470149
805717988
769344098
320233316
98489940
981902067
578084543
417016330
214274105
399510306
228179518
831063939
240672975
958549018
336911372
986337152
673836988
141808819
650242044
152048892
760020034
782243874
809476814
501488589
836161733
242789176
742767326
886120165
212839201
232638190
314687841
58779753
260657304
612809148
685029821
798474807
973481072
928993508
632139781
619318220
520702236
859059205
551212666
839765610
289704797
648837160
741852980
31077549
552017947
721570074
462094047
94537395
500782691
264777787
233806881
387388830
109868981
779321659
139673689
845949550
265692962
951508070
601918319
393944162
831539636
768757010
138522857
430088205
978577088
747867924
385768762
354194448
963339283
567646541
553864519
757004794
856224938
996167526
616029422
505010028
764729865
711389438
696650406
961422741
319837591
460554375
808642819
437879821
247978289
984073829
822778148
866534751
76244897
86215245
704973258
937015617
383093727
567211047
24811136
157045304
697420326
386463752
928708257
782305724
324369960
8253026
444028282
188573430
363780875
532602727
795775536
406128926
331609657
346734062
866891078
437567375
890714640
46160060
811298607
533175869
840569647
399187567
750018500
200531169
305014887
751105949
311171203
835943441
843685837
781458006
232607561
240624833
716108001
910108003
677619254
670517981
689984303
538697947
480142753
855498374
921265245
121940575
447838244
871216884
655269927
107141068
132593133
708850996
491317159
682333506
517952609
282391523
477246929
185492738
949475422
988261606
99747978
629052315
366994818
247784288
59212455
175192831
119394440
229579127
556519255
164345250
359444304
252908665
548018441
870182409
684189730
588063615
109230542
340070467
206869506
923591280
909001037
718608159
838904596
212430097
505276175
279890917
504291581
824786083
104640243
850496786
892140426
701173717
307341886
677015499
317592914
370844095
934873033
908572354
927383959
493155029
820267955
244796835
401339904
700444026
333264079
88171429
577353055
442899298
265613043
145843572
608199364
577491200
207734904
355261027
857963306
595866688
939655581
884956487
508713970
168548977
848276830
42521616
760241973
943334607
527075075
771953406
599261754
786679227
458026088
867245638
973564628
950256294
773184607
173610505
838392824
893280184
488939516
386376911
53894279
781533048
723969525
804946190
660384000
146991290
657052904
262809864
284289908
43743672
665215863
670215407
809196057
276950353
913641710
68664654
944614449
856246095
490735283
991311175
433324951
615069306
934352607
83731667
387745103
131767728
875362222
260429797
422695821
922812662
950975743
740679751
729817023
778919973
539755590
872818078
587621313
464047113
100405164
398400954
341058747
507210860
233420602
783764589
948112837
901400661
223192145
123703713
264604854
635295128
402862516
473140546
923893948
253231786
293120815
746809040
530672969
278788077
604994232
553558664
751497957
140442574
219676896
619502714
700906318
760364991
485671822
156102614
461396167
588589808
655290956
811651259
790789483
261630615
212312855
717409557
558104432
903444710
45571766
109723734
816188374
721156402
327308744
599207681
969257741
908978819
627313778
500996987
840968150
204953500
889175967
243550201
956724526
292210249
663440998
283135561
379156725
399429316
567992325
94419474
85507085
922370645
575543628
197936955
594990989
952917910
286871418
640138781
961582935
888028648
421367303
704159306
315446827
938601606
276708526
350548545
797329465
979878092
832856733
454781586
879890355
895462899
461930231
909151140
148840621
871925386
527348775
428498657
107357918
355453706
476259325
534845989
796707169
839931082
207411288
701057200
894587899
863426805
660402065
113606798
850415773
296899378
876413378
34451421
609626083
101600640
910356462
696619007
679266922
748923046
729371292
921091062
208143538
257812236
434137221
309149333
476819974
97280950
643892420
584413027
286295285
985397627
977784886
352887485
504558846
789179269
399731445
828909704
655987278
144529707
540581809
652071554
635667186
658852332
816745649
553675299
748328769
508996349
706127582
240488233
362767340
801879976
626130754
882004951
444579760
834088898
656316567
712250728
402339914
663179613
397434696
186709248
748907835
347924496
670487273
813338641
686806229
260050303
23194424
872064059
373467801
341786722
843288921
835454139
289005204
416846141
296209048
602219230
793104972
275907846
313642436
240165102
651807897
406857548
732074259
309305292
962096405
625341440
966448760
199908642
38626934
268585611
305811259
84385355
530471592
871066148
862446111
738459178
882440876
788297066
776013676
513810089
692194693
947432472
722070785
922958048
203344624
443229574
880588121
113758740
891831225
937609831
277348324
859031885
135901293
611218498
556940411
447296512
382390890
981669452
478805722
936667713
454368024
34417566
744256204
571104926
191110146
629922025
58425476
711493432
633310008
815544327
129395866
703232180
238545467
982495378
992931981
225242465
273834284
864351829
298290661
777637985
245164149
841869250
952661742
219672337
21150563
476082716
758542169
445858784
715546612
186296129
812367832
509691062
183711469
672175129
116460978
7836074
905284895
990542345
789634842
54535927
759962281
359190288
136311117
261643242
21522274
627555857
400214089
723241689
397608888
63380026
646826717
390966646
430293696
166336333
905563411
903754976
176893357
259736580
754621520
519759998
746437970
822251626
491086870
259315679
818307875
838953126
825631861
682043743
46116375
630509424
382458007
882257497
562528117
731056023
372114837
958426709
474457781
445914604
146192245
814419434
287761768
691450804
216903735
449494528
285451182
216566717
743271047
998167212
890839503
153295955
87398083
678636281
403620236
299875263
598882040
303194443
598544803
670101616
768028741
976605637
651862094
368654551
615630154
312558695
527001419
645136173
848151720
549031131
15292483
608049781
722855478
31568122
175742029
121575769
707165755
393346609
501025708
655346237
148358945
194069633
309315972
340875221
778819699
726569588
181426914
563917373
933698038
514705019
46354726
170473736
695426222
74180874
877701348
751868181
584081378
889102723
576961447
617658189
752640141
818019652
233634649
481952269
786943260
107192387
664308935
987731831
988361244
657091791
292596306
467383699
791696835
697309415
153236542
611384707
157460792
424393300
522634587
250489265
869958548
655969817
75264880
42530297
857400884
594580643
735775941