1000
7 833
3 526
0 7
9 489
2 585
3 496
9 543
3 856
1 781
8 966
2 20
6 403
3 402
9 335
3 401
9 439
4 813
0 330
5 249
2 335
7 180
2 776
4 379
6 528
3 918
2 395
9 726
7 578
4 665
3 428
0 320
5 241
4 689
1 492
4 263
6 312
0 366
8 844
3 949
0 799
4 354
6 803
7 207
3 396
5 312
9 895
5 831
9 686
7 12
4 655
2 333
0 446
3 492
1 507
8 418
3 389
2 437
4 852
0 392
3 203
5 715
0 190
2 598
5 411
3 875
0 751
6 301
5 690
0 393
1 914
0 459
8 444
5 553
0 728
7 547
8 702
7 7
2 724
4 427
8 162
7 528
1 88
5 113
9 726
0 177
4 131
9 65
2 817
4 210
7 989
6 742
5 599
1 200
5 310
3 372
4 818
9 272
0 394
5 874
4 36
2 151
0 777
9 814
6 877
8 162
4 964
2 38
9 970
1 318
5 901
0 465
4 450
8 986
2 797
7 366
9 797
0 629
2 806
1 193
4 432
6 339
7 467
5 885
4 488
6 93
0 297
2 141
5 219
2 874
1 762
4 492
8 101
2 545
8 245
2 807
9 402
3 414
1 249
4 995
9 767
3 32
8 324
6 718
7 835
4 898
2 846
0 612
6 789
2 818
3 784
8 750
7 962
9 755
5 374
3 138
0 257
2 384
4 839
7 424
4 828
6 23
7 280
0 361
8 495
5 71
0 437
8 564
4 558
1 728
2 872
5 117
4 732
0 228
9 585
2 983
6 578
1 325
6 623
8 160
5 528
4 473
3 269
1 292
4 341
8 527
1 161
2 600
4 516
0 680
5 402
6 203
5 365
1 442
2 731
0 704
2 204
0 843
5 160
8 964
9 216
1 751
3 998
7 229
1 101
7 958
6 749
5 10
0 257
3 441
8 118
4 189
0 303
3 486
8 263
4 382
6 869
0 755
3 367
4 714
2 432
1 725
9 824
2 458
5 476
8 921
3 647
0 806
9 588
7 774
3 739
9 203
0 67
7 698
6 978
0 887
9 794
8 850
0 576
3 488
8 406
7 416
5 357
6 474
7 947
4 195
8 133
9 573
1 438
6 848
0 260
9 280
8 827
9 881
4 320
3 559
0 9
5 375
2 982
1 201
7 293
8 342
3 569
9 542
2 182
6 238
8 209
7 698
2 296
9 712
7 477
9 106
6 591
3 324
5 237
7 618
8 47
0 846
5 847
6 615
8 366
7 236
1 397
3 714
6 581
9 987
8 294
3 503
7 71
2 529
4 387
0 935
6 514
8 640
3 9
5 519
0 60
7 287
1 431
3 280
4 8
0 604
5 154
7 774
1 526
3 278
2 90
5 313
7 496
2 808
5 494
6 652
5 858
8 121
1 568
7 576
1 974
8 122
6 14
0 70
3 188
5 903
9 436
3 950
6 387
5 276
3 308
5 996
9 137
6 708
9 533
4 301
0 829
3 867
0 713
7 646
1 608
8 178
5 298
9 949
2 32
9 665
1 906
2 633
9 56
8 692
0 602
5 108
9 438
2 962
4 161
7 285
5 463
9 973
4 281
8 108
1 435
9 585
5 364
8 264
5 51
6 132
2 793
3 526
1 517
6 813
7 413
0 560
9 369
1 931
0 74
1 981
5 379
8 505
2 110
9 376
2 667
8 610
9 743
1 681
4 521
6 169
3 946
0 632
5 259
6 761
5 283
6 295
7 849
8 585
4 882
3 29
6 340
3 786
4 974
0 67
1 61
2 415
5 359
8 680
7 650
4 292
5 45
4 39
0 776
3 466
7 903
2 357
7 259
1 47
0 524
7 709
9 127
5 465
1 450
0 534
9 489
3 406
7 575
5 851
6 968
2 847
9 933
4 859
6 336
8 604
6 805
5 293
0 857
1 465
4 756
7 336
6 709
2 464
4 656
3 50
2 533
6 880
3 160
8 378
9 816
3 107
9 111
3 195
6 227
0 339
1 437
3 626
9 240
7 680
9 624
1 969
3 260
1 244
9 521
8 434
6 392
2 577
0 403
7 949
0 583
7 331
4 73
9 198
1 693
3 664
7 374
0 206
9 80
6 548
2 365
3 362
9 7
1 582
8 661
6 80
8 250
4 260
8 473
1 554
5 298
0 620
5 736
3 603
6 674
8 279
1 432
2 951
8 700
1 18
8 475
4 122
5 832
6 31
9 524
3 932
8 962
2 629
7 299
5 223
1 529
3 917
2 960
8 310
7 597
9 346
0 606
6 640
3 487
1 52
8 182
5 915
3 909
0 5
7 504
2 891
3 988
1 690
2 40
1 645
8 598
3 215
5 881
7 400
9 241
4 104
5 79
3 884
7 632
2 284
9 998
0 479
5 166
7 406
5 651
6 593
4 813
6 208
0 836
2 758
0 922
9 600
6 724
0 372
5 100
7 378
9 510
4 800
8 108
2 139
6 710
1 423
8 243
1 986
4 786
8 606
2 900
4 409
8 256
3 287
8 970
6 721
2 454
1 997
4 707
7 858
0 6
1 283
6 716
2 155
5 18
4 336
6 787
1 519
0 808
9 634
1 850
0 431
4 416
9 640
1 912
9 153
8 867
7 338
5 284
7 453
5 754
4 277
7 708
1 212
6 922
1 877
7 779
0 502
5 471
7 96
5 72
2 110
5 158
2 744
8 807
4 882
3 210
6 221
8 47
3 554
6 552
1 854
7 419
2 440
7 48
4 377
6 815
9 445
8 528
1 512
3 801
2 897
7 615
6 27
2 318
1 627
0 225
6 867
3 87
7 87
4 473
8 354
6 56
2 952
6 428
0 618
2 893
8 758
7 17
4 617
9 102
6 219
3 698
7 820
5 540
7 863
1 902
2 47
3 372
2 614
8 733
5 430
8 219
3 199
9 837
8 227
9 66
5 549
1 554
5 837
2 838
0 335
3 359
9 74
8 854
5 559
9 319
4 367
1 317
9 800
6 699
9 418
2 48
7 928
5 566
1 728
9 655
7 473
4 208
9 528
6 569
2 902
7 572
2 411
5 173
6 545
5 286
7 350
4 218
3 717
2 748
6 981
0 158
4 548
2 243
1 414
6 915
1 548
9 974
0 374
5 127
3 344
6 164
3 627
7 199
0 709
7 737
2 604
9 613
0 29
4 61
7 113
9 139
6 832
8 197
0 426
6 532
1 332
5 597
3 752
8 126
9 324
1 53
7 381
0 893
5 531
8 981
2 28
7 138
9 442
3 29
1 642
5 621
4 749
9 959
5 20
8 723
0 933
2 875
1 653
2 544
5 275
9 738
8 5
4 979
8 723
2 358
1 833
4 816
8 538
6 644
0 644
6 573
0 693
1 951
6 128
0 287
1 343
7 940
9 562
3 969
9 926
3 202
0 39
9 924
1 918
3 811
6 226
2 304
5 905
0 589
7 786
5 565
0 544
5 707
0 383
1 315
4 5
7 765
4 105
9 65
1 1
3 657
6 881
8 996
7 568
4 318
8 603
7 278
8 23
2 722
8 213
9 9
1 855
9 839
4 316
0 391
6 299
7 412
4 490
9 203
6 892
5 935
8 280
5 376
7 192
8 923
2 188
0 717
2 611
8 496
5 402
0 767
4 365
3 974
2 133
8 989
6 195
4 196
9 811
4 445
7 844
9 390
4 566
0 623
3 304
1 325
4 775
3 953
6 769
1 479
5 500
8 20
5 549
7 781
6 910
8 883
9 46
0 502
2 676
7 838
4 181
3 465
4 371
1 567
8 25
9 633
1 353
6 165
2 160
9 647
2 191
1 387
7 21
9 374
2 373
1 908
7 492
1 344
3 713
0 599
9 776
6 184
0 207
6 675
2 748
9 182
4 29
6 623
9 571
5 805
7 110
6 43
3 690
4 206
1 282
0 543
7 558
4 503
7 289
2 970
6 223
4 752
6 835
3 839
7 56
1 500
8 260
1 8
3 546
1 348
8 193
5 581
0 190
8 240
6 320
1 522
4 695
7 460
6 733
8 30
0 99
4 96
7 124
2 759
1 458
3 34
6 190
0 754
1 703
7 710
3 700
5 963
2 426
6 267
2 454
8 267
3 117
8 390
6 614
1 142
8 249
1 626
9 678
3 549
5 884
6 480
3 908
6 534
5 669
2 303
8 342
3 777
8 654
4 696
2 932
0 18
1 946
3 950
0 146
8 197
2 327
7 410
0 558
4 579
1 388
7 941
3 478
9 477
3 871
8 986
4 632
1 854
8 218
4 483
7 283
6 319
5 547
7 395
4 534
1 303
6 572
2 929
3 133
4 467
7 615
5 692
7 429
4 56
7 820
4 901
8 695
5 941
3 680
5 693
9 159
6 501
1 592
0 245
6 622
9 927
1 942
7 924
9 730
1 716
2 441
6 352
1 311
0 751
6 414
8 366
2 910
1 295
4 92
5 520
4 908
0 327
3 534
5 755
8 462
7 377
4 591
6 802
2 396
6 60
1000
6 924
3 534
6 335
7 931
6 825
4 521
3 315
9 954
5 545
4 223
1 965
6 439
4 374
5 96
2 398
7 787
6 736
4 498
9 992
4 599
2 66
0 511
1 679
5 314
2 837
6 718
9 842
7 683
4 367
1 540
7 573
3 354
0 442
8 438
1 619
9 357
4 137
6 154
3 624
2 372
1 848
6 966
2 500
0 200
4 696
1 187
3 410
7 686
6 275
8 883
0 231
2 852
4 955
0 796
1 448
6 785
0 169
2 139
6 273
5 155
1 214
2 366
1 732
6 837
8 552
0 843
7 639
8 466
2 72
8 229
2 888
7 390
0 186
3 527
9 177
0 650
7 465
8 751
2 787
3 793
8 26
9 703
5 859
2 690
6 893
8 163
3 817
0 568
6 217
1 356
8 454
6 822
2 80
8 864
1 758
2 133
6 729
8 843
6 468
4 8
0 330
4 815
7 467
2 378
1 66
6 368
1 551
5 811
4 493
3 431
1 879
0 926
8 177
7 950
6 145
7 802
8 538
0 969
9 967
0 992
9 970
8 852
0 659
3 650
6 925
4 352
1 129
9 283
4 22
0 864
6 68
4 587
8 162
2 259
1 298
7 735
6 183
9 138
5 99
8 530
7 359
4 28
7 937
4 265
3 310
2 67
6 92
2 388
9 220
2 371
4 224
0 406
7 445
1 950
5 745
4 292
2 372
5 930
2 844
0 26
2 293
6 393
8 386
5 77
8 855
5 177
2 692
6 198
8 475
6 592
9 977
6 294
3 368
7 210
0 367
2 635
1 59
3 877
2 702
5 837
3 521
2 585
4 95
1 459
4 657
9 307
2 82
3 778
6 214
7 104
3 359
9 247
2 109
9 603
7 436
0 676
5 57
3 893
5 443
1 524
7 718
4 112
9 719
2 870
3 682
7 209
1 777
8 497
0 430
7 977
9 8
1 916
5 894
0 412
5 316
1 350
5 848
7 765
6 252
4 705
3 334
6 468
2 59
3 58
0 799
7 976
8 635
5 766
2 157
6 877
2 781
9 270
6 345
4 655
3 336
7 509
5 77
8 414
0 601
3 614
0 797
7 21
2 981
4 217
7 1
1 378
8 950
6 596
1 837
6 100
4 266
8 335
0 758
2 210
8 640
0 768
8 715
1 300
3 778
5 565
4 537
1 434
5 662
3 465
4 253
1 486
3 267
0 611
7 916
6 162
8 792
4 678
8 774
1 944
2 369
3 204
6 542
3 755
0 12
1 682
9 769
2 915
1 104
5 733
4 454
2 884
1 646
0 959
7 411
1 805
8 371
2 963
5 559
3 685
4 890
6 425
0 686
3 837
2 720
6 886
2 101
7 575
4 994
0 62
2 84
0 77
5 946
7 518
6 575
1 72
6 70
5 196
9 908
0 605
7 593
9 476
1 110
5 743
9 613
0 19
8 82
2 352
9 925
8 862
9 906
3 359
0 53
7 727
8 230
2 652
6 552
0 65
9 7
0 133
6 236
9 596
3 662
8 40
4 800
9 739
6 177
4 842
1 146
9 583
7 165
1 461
7 406
2 747
3 170
6 411
7 969
9 517
6 196
2 570
8 252
4 347
1 719
7 544
4 199
5 476
4 179
9 417
3 261
2 244
9 229
1 886
5 26
3 267
2 895
4 317
9 225
4 687
8 925
7 527
3 492
1 571
3 969
1 905
9 806
4 143
7 587
2 466
5 336
4 275
5 241
1 965
7 596
2 58
0 572
4 573
1 659
9 803
6 564
8 832
7 15
0 681
6 841
2 675
3 171
5 647
3 108
8 402
9 658
2 554
9 506
6 80
7 234
8 872
5 711
0 953
2 30
9 636
8 291
9 227
6 896
0 840
7 458
8 451
1 180
3 479
8 611
1 673
6 463
5 77
0 820
8 321
7 25
2 86
4 829
8 137
6 269
5 202
8 321
0 669
9 973
0 602
5 486
4 155
9 443
7 742
0 769
8 884
2 947
0 471
7 937
2 439
7 157
8 375
5 788
0 331
7 847
4 477
7 581
1 11
4 931
0 258
5 407
3 168
0 731
1 562
3 654
0 429
8 830
2 109
8 231
9 292
7 209
5 96
0 427
4 356
7 875
8 422
2 987
0 882
3 973
9 718
1 330
9 260
7 135
6 568
9 347
1 23
7 599
4 332
9 968
7 523
9 518
7 675
0 592
1 217
5 808
3 453
5 731
7 552
6 79
5 845
2 709
9 718
7 666
9 774
3 206
0 814
3 220
5 44
2 409
9 73
8 308
2 220
0 585
9 322
3 323
9 838
1 705
0 491
2 826
4 876
3 370
2 360
0 755
1 653
0 815
5 502
4 667
0 741
1 805
7 601
1 48
9 332
8 936
0 759
3 113
0 916
4 554
8 719
7 299
3 212
4 238
1 402
5 698
6 312
5 703
3 322
1 916
3 756
8 938
3 425
2 479
9 816
1 276
6 190
1 26
9 390
3 800
8 144
9 205
6 867
8 58
6 753
1 489
6 319
2 483
6 344
2 424
0 137
5 769
4 506
8 866
9 404
3 82
1 747
3 953
4 821
9 669
5 373
4 570
6 145
4 336
8 556
4 223
0 471
7 206
2 826
7 172
0 486
8 955
7 216
8 95
7 787
4 24
2 30
8 819
1 807
3 36
2 8
4 8
2 326
9 892
1 841
0 796
2 785
5 592
3 485
8 83
5 506
7 960
8 986
1 377
5 789
1 753
4 986
3 620
1 412
8 74
1 738
3 25
1 176
2 441
4 708
5 369
2 651
4 859
7 311
5 645
1 475
7 18
1 63
6 262
1 965
6 515
7 496
0 333
6 14
5 21
2 142
7 907
1 390
0 334
2 249
1 534
4 849
5 785
1 153
3 590
0 762
4 485
6 166
0 191
8 504
2 964
8 917
2 438
3 512
6 154
1 961
6 877
8 346
6 686
8 177
6 779
5 280
3 683
1 326
5 153
9 273
1 191
6 756
8 544
5 933
6 271
5 411
6 928
3 788
6 955
2 528
7 546
8 352
9 687
8 292
6 647
2 735
0 464
8 49
7 945
8 787
7 269
4 454
7 370
4 748
2 254
8 10
7 555
4 650
8 817
4 748
6 716
8 60
5 921
7 934
8 486
5 591
7 430
9 726
1 248
2 95
5 685
2 739
9 293
7 678
4 514
7 61
9 992
1 643
9 151
3 665
9 498
1 502
4 684
7 287
4 638
6 943
0 692
8 165
6 392
3 660
5 469
0 637
5 817
0 260
1 405
3 3
5 91
1 200
7 551
3 890
2 475
4 320
1 126
0 649
9 17
2 574
8 587
0 444
2 532
8 872
0 629
8 397
6 205
8 913
5 316
2 225
1 97
0 797
7 795
0 464
4 759
9 750
0 434
4 76
3 697
2 646
5 170
8 428
1 452
6 900
3 566
8 131
5 249
2 167
0 739
7 296
6 179
8 458
7 462
1 502
2 266
5 625
3 532
8 664
5 446
8 568
4 574
6 886
9 817
0 601
2 422
4 372
7 535
2 152
3 253
6 8
8 338
0 737
9 47
7 895
4 16
3 960
0 95
9 289
8 640
1 933
5 323
8 625
9 278
3 413
7 834
3 557
0 182
7 597
0 140
4 877
7 53
9 867
1 831
6 581
9 889
6 24
7 790
8 816
5 95
6 334
3 867
5 571
9 910
1 207
8 833
3 877
9 428
1 539
5 865
0 320
9 170
4 249
5 881
2 645
0 948
4 437
8 73
4 606
7 953
9 284
0 422
7 314
4 69
2 201
6 44
9 405
1 116
9 455
8 526
7 275
3 219
7 53
4 392
8 814
0 744
6 230
1 597
7 64
6 587
2 842
8 65
5 526
1 622
5 704
8 887
0 742
1 351
5 923
1 486
5 404
2 386
5 790
7 608
1 476
0 794
3 597
7 616
0 799
9 762
7 186
4 811
6 436
8 459
6 640
0 578
2 10
0 595
8 729
4 965
5 666
9 932
3 418
4 374
5 223
7 522
5 180
9 82
1 533
8 51
4 601
0 164
7 809
3 604
1 462
2 768
6 103
8 462
7 723
4 940
3 948
1 532
8 54
3 122
9 245
5 555
8 134
6 549
5 419
0 278
8 20
0 89
4 715
6 132
9 448
3 210
6 692
1 679
6 210
3 241
0 267
3 538
6 276
5 281
2 738
4 791
8 984
9 125
3 202
6 240
8 130
6 596
5 782
6 332
9 943
0 247
7 249
8 434
7 122
4 39
5 823
9 227
6 389
9 509
4 642
1 107
5 348
0 376
9 147
6 548
0 663
4 248
2 373
8 80
7 719
3 505
7 798
3 101
8 458
9 468
0 757
7 621
6 298
0 764
6 670
3 231
5 203
6 383
9 729
0 200
6 4
3 144
5 396
9 811
3 189
8 634
6 628
8 431
1 611
9 59
3 260
6 409
2 339
3 370
5 651
0 782
1 719
7 994
5 172
6 283
4 609