100
-1 -1
2 102
-1 103
-1 -1
5 -1
-1 -1
7 107
-1 108
-1 109
10 -1
11 111
-1 112
-1 -1
14 114
15 -1
-1 -1
17 -1
18 -1
19 -1
20 120
-1 -1
22 -1
-1 -1
24 -1
-1 -1
-1 -1
-1 -1
-1 -1
-1 -1
-1 -1
-1 131
32 132
33 133
-1 -1
35 135
-1 136
-1 137
38 -1
39 139
-1 140
-1 -1
-1 -1
43 143
-1 -1
-1 -1
46 -1
47 147
-1 148
-1 -1
-1 150
51 -1
52 -1
53 -1
-1 -1
-1 -1
56 156
57 157
58 -1
59 159
-1 -1
61 161
62 -1
63 -1
64 -1
-1 165
-1 166
67 167
-1 168
-1 -1
-1 170
71 -1
72 172
-1 -1
-1 -1
-1 -1
-1 176
-1 -1
-1 -1
79 179
80 180
-1 181
-1 -1
83 183
-1 184
-1 185
86 -1
-1 187
88 -1
-1 -1
90 -1
-1 191
-1 -1
93 -1
94 -1
-1 -1
-1 196
-1 -1
98 198
-1 199
100 -1
