2500 5000 81724
933 1309 95444
1268 516 1239
1843 729 19016
977 413 21112
2017 2031 39563
1607 1557 51086
1882 2438 36307
320 1336 14317
828 366 9480
29 687 90224
492 1798 79611
2115 1063 11247
1893 373 17621
1662 1891 10013
115 779 11337
701 140 201
1876 2478 8311
926 136 85203
282 1345 52327
1355 1703 37827
2000 2033 71039
767 1687 73507
1901 1021 80273
524 824 5673
76 2277 8739
1898 1168 47647
2253 1206 74925
663 1276 24691
433 568 76821
157 2016 40081
1689 544 97335
2277 1237 48149
1021 2037 67344
611 2262 94979
1364 1457 65631
1887 1257 46718
304 1731 26091
1956 1917 64948
535 1307 87680
460 1695 81977
676 2328 84962
2464 1617 78350
1218 1544 54979
164 2278 99952
556 88 92527
1666 1899 75135
1489 364 17153
1324 1285 9629
719 1952 84150
1299 238 74334
1142 1509 90045
1843 1283 33488
1677 1461 28415
430 1259 97196
2067 63 84795
1798 1598 95670
627 1262 54204
1560 2500 17425
137 786 11123
696 1076 43247
193 540 67418
184 949 53963
56 920 70898
1200 506 69327
439 777 62756
2406 280 24750
411 1431 53321
46 246 71875
1190 1561 15112
390 2055 75817
2067 1504 44161
2099 1780 76062
2481 1769 77347
742 2054 74501
2025 1335 68852
30 711 47013
662 290 19393
889 2131 49310
1513 1406 94798
410 246 96810
217 60 93853
1641 1165 50059
205 1584 52693
1995 1299 91358
103 2261 17812
842 2381 95452
711 1910 12799
2414 138 37710
2396 2014 64735
358 294 59342
1285 976 93226
1402 37 85350
2382 660 92723
657 1592 95456
2433 1905 14782
1230 190 78248
1632 1175 5125
408 2141 76900
563 1834 9075
1561 1810 23679
1721 1313 50997
744 2190 11711
2380 1890 21271
37 559 97225
242 93 87853
38 907 26180
2335 2133 133
1676 735 26292
2450 138 22797
1269 2177 50696
517 79 79828
271 2002 48739
2001 591 96224
977 2049 10960
2141 1433 9285
463 795 1473
983 2452 86913
529 2456 16212
432 724 56044
1217 1112 36588
1368 784 19892
148 2114 94395
741 296 43291
1197 1212 38392
997 2496 39031
280 1986 96429
2055 586 12918
2188 583 40329
1938 191 35620
2347 232 40631
147 2313 79152
1451 1561 43756
974 411 95644
2278 2131 11770
1652 1084 35063
1060 855 83228
534 626 19642
971 1005 29512
1245 201 77935
1752 288 32003
2102 2295 4063
746 927 66519
64 1004 32123
283 1619 72965
625 499 801
115 1969 85647
600 1 22323
2076 354 72348
1861 276 50527
2027 793 50353
1075 650 62870
2180 429 28840
123 1638 68265
93 1444 68431
1176 2062 8123
630 1502 98990
6 1806 43203
1656 888 88295
2014 90 23769
900 2261 46771
147 872 34813
1728 873 8628
1023 1210 77490
881 2368 42308
1201 1585 33577
1730 935 79212
838 1840 27944
2168 1942 68209
954 207 21877
966 74 28912
306 1592 5302
1988 299 80688
2365 1664 94671
2456 1870 82185
2264 510 38137
1351 1559 91974
1479 2477 56094
2103 265 13544
904 126 79048
1794 1770 62284
2456 2302 86379
150 1112 27264
1763 1246 84066
958 966 51647
872 1257 35747
213 480 85462
1355 1683 88657
903 445 57959
1077 334 62497
1241 1865 44706
1147 427 47297
1176 1353 46485
2143 2330 68883
1344 1150 70206
2137 2086 69031
1966 304 40807
391 307 8300
412 1833 96983
262 1772 42558
355 521 58987
2478 1778 48260
1710 2337 52220
885 1913 37950
309 2007 99480
2420 848 48431
795 2217 38529
1983 297 22194
1455 418 42042
943 2462 65646
2142 1347 96025
1405 1956 26251
931 763 45408
834 2278 56469
535 1278 41390
1565 1656 95251
526 1201 23248
1121 18 72162
1567 44 10409
1001 741 56195
2167 1775 89803
152 1355 74178
2163 21 94543
456 1897 82688
1518 1229 31845
289 371 43789
776 436 2440
2212 771 74970
1054 836 88607
461 30 92480
2406 963 9758
1510 1062 50812
2296 538 45045
10 85 6334
1784 2119 32051
1124 131 90979
1730 590 17688
521 1458 1546
2468 1830 24371
2205 1189 37363
616 2307 11100
934 1182 65250
662 2023 72980
2372 791 48135
422 2414 10805
1083 1972 31130
266 2088 95431
2191 1007 260
2465 1175 29757
2033 917 67300
1993 2488 65042
965 397 99190
625 1853 56466
94 1008 17163
1594 1616 59938
2018 1804 34662
2283 1341 10804
74 2369 1405
1822 310 79566
353 575 84194
1699 642 75113
974 23 44548
1617 1979 27136
2431 222 51308
229 2023 25457
1578 364 65544
309 1841 6012
1238 2248 76166
2430 511 529
472 1635 45337
1458 2060 29379
1683 1986 12540
1512 2422 83571
762 835 91331
899 468 27264
427 1141 36536
1026 1505 75641
1965 567 28802
2141 1491 20211
1565 2449 32388
203 2358 77612
1900 571 79115
2229 1551 60581
1348 895 18468
2397 1449 98218
2393 2383 52520
1850 520 99353
575 428 44932
563 2126 45833
2306 1487 95679
882 95 15488
852 2155 87587
796 1615 85921
93 443 36312
1632 2341 79112
653 1852 20848
1758 448 2588
629 604 64032
2012 2429 19123
1608 335 23117
1389 883 93339
413 1581 75722
732 420 29741
2117 526 21781
1568 901 24089
1457 15 31023
247 803 85629
1508 165 71177
594 1871 73504
1899 95 88438
1817 375 92496
384 871 66837
2493 1182 78948
2025 90 8564
2299 1760 82416
1887 690 91353
1669 1508 85709
1192 1329 59467
1549 203 93740
1640 937 81736
2158 246 90650
2145 2356 57927
1693 1018 48192
2240 842 28908
2421 720 89182
1237 1144 23034
288 36 58328
2171 1699 22857
166 1926 85484
2471 910 85554
1040 610 92445
1826 2463 61918
2401 2311 40739
700 2444 29300
1171 2352 43632
2335 1204 55495
1269 876 29649
772 1735 56200
57 2101 7819
1724 845 40125
500 1628 96606
1688 654 82272
460 743 42295
1912 437 2501
533 216 54612
359 12 45927
1923 2463 29627
974 1712 65084
2124 239 34438
1602 1706 42098
1378 2452 35888
565 1536 44035
1323 1076 82709
302 52 55006
2045 1840 87226
1063 981 12337
746 316 64158
2318 1356 14828
699 2351 60567
182 89 18230
1108 2179 58506
2480 2248 89870
401 1194 25092
5 2085 72746
570 1781 2915
2161 2167 18233
1690 411 5051
419 2271 76194
1147 2438 66789
421 2358 71955
1799 1807 51639
1768 1205 45828
1201 1243 17643
1441 1043 41791
955 1782 58582
1171 448 55170
443 40 36873
1127 850 27527
2352 1445 15978
1607 1515 91612
1060 1234 9619
102 1920 45514
1467 1957 62767
2179 1609 15606
576 1623 44338
2149 1193 870
899 1723 9595
781 1573 28221
844 346 22235
107 1372 71468
229 2251 16550
220 225 70652
401 667 19961
1348 894 24838
708 1789 72977
2161 818 99660
1837 1829 42965
1263 1564 97152
2295 985 88164
2452 1272 11676
750 581 46539
1803 2453 69725
2500 992 14716
593 1744 21878
826 553 85446
176 1121 62570
882 2332 27039
2116 813 51984
814 607 29638
1918 2302 23812
1028 1302 6129
615 1685 67671
2316 1261 39780
45 879 95150
2079 1292 3621
2296 1225 21492
1498 2073 23
371 62 5838
888 684 93377
2372 428 73200
696 2068 98900
244 570 67856
297 196 53458
1611 875 15714
1433 1906 80517
399 2039 12989
2338 1037 22406
525 638 63594
1147 1864 83213
2151 226 96192
1438 196 30000
1355 2404 80396
1489 1864 74705
1955 1510 95046
561 22 32938
777 60 37214
1913 1574 71876
1285 2499 43687
99 43 92461
1193 1463 74685
1448 342 76902
2403 1133 38914
443 876 89397
2005 1224 78895
2027 2287 95514
1979 2051 37931
2444 437 86241
2392 800 99413
1543 2498 86163
1348 1034 8526
932 831 70112
924 288 69215
760 1445 37630
1464 1018 74223
1595 799 51830
2295 998 11745
439 1875 8
269 17 43561
157 1748 81629
2346 307 78611
2269 1245 2176
1382 1090 55821
138 1135 27270
561 2061 87989
51 2112 95069
604 2406 67955
2304 1088 77269
1751 387 27834
1816 114 90312
1169 913 68500
2397 1215 80493
89 2231 3068
1528 1621 3682
1773 224 1708
2024 434 51770
1835 577 86982
1637 1782 5022
458 1754 74081
994 2122 4761
40 1142 92521
1070 844 87630
1731 2224 49437
462 1706 36249
1947 766 78916
1720 298 4154
1308 521 6602
317 408 91062
835 971 7309
1837 570 25936
562 137 55513
436 811 36036
158 1270 23592
1987 603 39256
906 2095 99269
1554 491 47435
1824 1673 18547
2038 572 55557
118 513 3354
196 330 16125
2202 2175 92041
1963 63 91153
2401 2084 34335
85 640 76266
2091 1592 45686
2460 1079 78117
563 504 97321
2283 179 45467
710 698 70776
2294 867 58545
1957 588 15691
343 877 88783
690 557 48303
1144 1997 50956
915 1613 87477
2404 2326 59602
856 696 66109
1205 1336 74150
771 2477 12494
1388 1954 85161
85 1813 33653
1328 1250 96812
1770 104 80476
760 675 62560
1898 1056 14604
2075 2173 18494
2460 1866 45341
1376 2325 54713
1858 146 55678
910 1410 15581
2420 109 4380
2159 857 13363
2201 2026 9225
1169 2255 26255
2321 1388 17354
548 2209 60704
2328 982 43376
888 337 49008
789 1989 83963
129 1916 64441
2155 1383 37443
541 2325 69426
2328 961 95711
2425 1950 71986
216 463 84012
421 180 11853
564 1878 80761
1678 1204 35780
1889 839 14635
1907 2022 41744
2030 954 11248
2112 1143 93374
788 1887 64857
1291 2011 16941
352 1160 72924
1830 1033 29759
222 1907 74868
1767 290 36432
1556 2224 39401
804 1908 70707
2111 821 20170
851 1280 20845
757 511 25211
787 1121 45846
2058 325 10600
1038 2447 52188
1873 972 35339
829 2019 66509
1056 1798 36272
85 953 63474
67 321 23760
771 1751 7570
2335 1658 58268
599 401 82369
590 22 91966
1553 1000 50673
1187 379 31169
814 1778 55028
1007 1560 98325
1191 666 95312
2416 1347 90874
287 949 32614
1589 702 13018
851 175 51461
1480 2149 11618
312 2470 46035
553 802 35639
528 1624 18827
812 1562 19352
424 889 75005
1987 107 67121
2374 52 64375
72 1464 37490
1317 1155 88115
708 883 41275
1151 1026 42997
2015 240 71824
2365 1918 69357
1459 249 59902
428 1585 53614
2047 618 81738
2331 1676 31055
2158 1463 28725
1666 1533 2379
2485 658 63033
1617 1267 68541
589 437 35435
1107 1509 47485
494 1247 74484
339 2432 99589
1934 502 99430
2422 1188 47583
2280 1643 26533
795 1186 65743
2103 696 52067
1930 588 40974
1183 1297 2146
398 435 28157
1918 291 870
96 1585 80372
1315 1054 59864
2121 2028 33587
1619 2201 87419
1517 1762 14886
2465 476 10448
560 2161 33381
1774 665 31497
910 1252 90569
1368 1331 51874
448 1796 15238
1624 2255 61299
338 2317 36160
794 1048 49070
207 261 27018
2296 2343 63713
1254 1446 48890
1464 2313 70258
1687 1323 58163
839 875 48064
1106 406 89516
2496 2100 78364
2324 1154 82641
1477 1554 88970
682 1542 95696
1391 331 39311
2405 1 41737
151 513 58478
348 1074 74136
1616 1068 97087
2093 1515 23567
2424 1875 69645
617 2323 33055
1440 789 49962
797 1906 76668
933 1832 88062
2227 1830 15136
199 1317 52724
572 931 2232
1500 625 15223
65 1717 43422
1026 1352 19350
1197 1290 27968
1407 2094 62968
39 28 6289
1745 1294 62986
601 1646 73865
2465 587 35259
1493 1073 22944
1514 2235 7595
2386 702 47715
431 672 32411
1210 541 49680
2330 1784 81232
841 569 48986
587 1376 57701
1041 361 25707
1005 1892 90255
1672 2499 64571
853 1725 59600
2013 317 33678
733 143 47429
2371 1904 47104
2038 1110 21937
1664 2451 62327
846 1687 76436
141 157 13864
1666 1108 9265
1323 2184 14939
732 618 13706
1435 2494 86245
835 232 15238
629 2242 26658
1924 923 49501
303 1973 25420
2423 625 77605
476 1026 11112
908 2196 5252
932 1698 96845
1358 1484 35116
368 893 70337
407 1609 23145
348 146 3416
840 1224 10633
160 1538 29396
1411 900 19388
1493 2409 72573
1833 1296 36310
2022 871 40261
2417 53 29633
2288 1736 76073
1753 1298 67297
2420 495 68264
1060 528 26062
2118 1312 86290
1625 1227 27314
1189 148 92595
560 1725 28265
833 630 68220
1821 151 92203
234 1163 20241
1675 101 10946
1666 1272 42315
1690 992 71442
1926 1450 10100
778 1380 73010
1599 1340 16570
202 735 92532
2263 226 38124
678 1703 99552
1287 948 49423
1862 1841 41643
2103 639 97221
1704 1873 60381
776 1793 69889
230 526 45358
237 2170 31134
1716 1961 23102
170 19 38973
2312 1867 17712
424 934 17520
611 1593 37248
383 97 66967
985 1996 62349
1788 1113 39784
2134 2282 6408
1145 1523 12253
1648 2130 73277
1240 847 46719
2021 575 9172
2479 768 44148
2439 2319 21768
2161 1163 61865
1444 365 52593
2228 1437 35011
2405 892 26924
1288 2119 4277
2107 1081 6661
2283 837 58309
2126 1742 83976
31 1436 30748
2258 333 97144
1782 2330 83295
960 2412 59340
609 2330 94552
759 2068 87874
451 1135 24703
1991 1218 19998
1407 1794 68216
2007 1145 21470
983 444 73821
2017 2047 8204
2051 1703 98797
2144 1106 80291
976 776 35540
2493 1321 78994
1411 830 63193
1605 1380 25721
749 48 17332
1263 1632 35795
70 2452 9798
1995 1566 25355
1424 912 33320
2220 1445 80234
1377 362 22217
2137 1826 1673
775 2299 89783
1944 1086 61210
789 166 16888
401 839 78486
690 935 87128
676 813 39969
543 1788 59015
1175 861 36436
862 1569 38554
2184 1066 65081
871 1559 95583
473 1843 89886
1175 840 1568
2446 2055 54608
63 855 24309
856 2476 5669
1176 1650 31807
1548 2483 42165
786 469 36938
697 523 68425
2485 765 25506
438 1297 37850
1199 1536 8566
436 2045 70805
1901 1996 80975
27 1650 82707
2039 579 6969
415 2325 32186
1426 278 15204
1068 1213 48892
1722 722 37550
2128 1588 94174
2177 399 17355
1305 1791 39832
1668 1832 37010
1308 496 79072
1237 276 47132
2144 1441 77382
837 1221 1754
2399 1414 40088
1693 274 17813
2383 1574 6710
1619 1970 17700
138 2241 53832
636 1986 53789
2249 1589 92109
559 1050 92928
3 2187 88977
1349 1029 42529
2351 788 35844
2018 2019 1344
1523 2071 56581
251 2206 83059
942 837 18944
1966 1861 54186
461 1469 69336
2083 2373 62389
281 2188 66609
532 858 99111
1471 1519 32281
966 754 82055
1717 105 964
2410 188 4600
635 2306 49856
637 2205 92495
377 1716 35626
610 382 89158
588 1729 27727
2302 293 14983
492 1724 41433
114 1106 60374
2394 123 46388
1566 128 15845
534 1000 78798
1243 2384 61732
2021 748 89418
103 335 81611
1099 1584 35335
82 1024 40864
1166 753 90329
198 387 74131
519 1994 88048
267 1069 76454
2075 631 74910
843 753 49027
1215 1850 51919
1927 1063 55145
2162 1437 59374
658 187 78857
601 551 1086
1213 159 38642
962 13 22654
1623 1057 37830
649 167 22193
2253 2213 11777
442 1881 92980
1772 558 55965
938 1726 85126
1312 622 2929
1997 1798 11565
902 1119 26952
560 192 73993
696 695 41332
477 1434 42018
2186 146 42372
457 533 8383
2202 1511 70532
1648 2329 24563
2312 829 65682
2225 2177 61059
1720 1682 71230
726 2142 64275
2310 433 11384
112 1516 34076
3 96 38175
797 977 53271
1900 950 11717
1699 2381 90369
1139 86 52778
2290 2030 29905
695 2458 50167
1278 1837 39325
202 2344 72701
1327 1523 13663
2383 1625 64252
2332 1819 95624
2250 93 3190
1447 2211 89691
2080 2265 80815
1489 180 231
1017 2194 66557
2301 60 23120
2215 1838 58951
208 822 95878
797 2449 15444
1243 342 4957
655 50 932
2448 756 28988
1023 680 54430
2113 548 62435
1483 62 24178
1478 1486 45663
714 252 86706
1059 131 27901
1331 1972 89991
1029 419 46489
640 71 85777
1922 1905 32392
1591 2131 20876
2239 600 86330
2253 1340 6184
2482 1339 82232
1927 671 48109
1301 148 13873
1533 2191 73629
1255 692 68851
703 2078 45424
1645 998 15059
171 2389 42594
1434 1796 50719
2100 1518 83883
555 1007 2908
2497 1555 23433
2257 1113 73143
1515 110 84150
439 523 18547
2070 1800 76405
1899 1678 93765
2117 1510 89858
850 1009 75178
2013 2096 76946
459 1756 8782
31 1448 64571
1958 2422 68519
997 2039 7941
2073 926 18232
687 2335 27410
2295 483 22323
367 910 82823
661 2332 18248
286 751 67313
1803 2165 1514
913 1911 74087
1802 1609 72674
739 1140 94841
2485 2192 7283
1203 115 83170
585 1328 7542
139 746 49284
2125 1502 5932
2363 129 30396
2415 1870 46090
822 817 24239
428 753 74336
1287 237 60861
2035 386 24701
1322 1181 20990
2335 1523 50117
1617 1927 78429
2349 792 24726
237 952 39817
118 1450 26621
990 914 97163
2379 901 39443
671 357 29762
329 1915 21235
1264 590 65681
5 1015 90294
1873 763 39549
1110 914 36125
1090 1192 74791
1636 243 87998
268 1151 45305
2453 445 44164
580 1188 99234
51 1160 48482
1209 2398 14763
183 424 13528
1968 1943 79091
2373 1318 53327
1544 292 16304
2094 174 37066
95 884 22164
2188 341 38769
1926 924 37502
740 2073 22042
955 2250 95932
957 2436 56127
20 914 52633
1467 506 69704
2178 814 25997
78 1063 52874
91 2091 3087
2037 2311 72979
1215 1370 98727
126 120 54498
1524 152 10753
450 196 34722
1584 883 2241
1180 2027 80233
2116 1139 83971
84 2421 86389
522 983 63265
2180 739 22350
1795 2146 21429
1937 797 23535
1727 121 62896
1743 2500 95010
896 2035 60554
841 2271 27407
2201 1866 90243
2099 1466 95833
1193 2414 52585
2260 1772 62057
840 575 28934
393 712 65010
1553 1650 79975
2288 382 90806
1944 876 46762
2383 1394 46069
738 1523 46576
1673 593 73164
1837 152 67890
1887 2481 90240
2421 2094 18217
1120 1055 81116
1596 1365 21853
77 1762 2725
1537 774 99602
663 1450 20059
1140 636 93472
244 2134 68490
1241 1162 14367
811 130 21192
70 879 56930
1405 276 80180
1919 2489 61074
967 2181 90767
399 1678 5600
1143 254 89229
796 2 37590
416 1417 13635
51 1493 70496
1943 2238 31750
1613 434 98160
2479 1230 36548
592 438 6279
2017 2286 19110
1930 1245 22509
1166 1415 75527
1646 1987 85626
1248 1401 99179
993 639 49813
1760 585 88612
1746 541 83658
1947 1057 84597
410 1238 90467
1384 230 10729
1250 1030 61545
977 2260 14414
330 323 36385
1598 837 31936
914 771 84999
2321 1439 30036
2407 1351 89313
887 351 65267
2073 1639 10351
1349 1585 24890
2483 1044 52030
451 683 11721
53 1143 56634
743 1388 44352
642 2063 13645
175 148 63516
436 69 50269
361 878 35302
795 600 60629
2205 1997 32871
223 76 26075
1296 2371 82614
2489 796 86398
2012 175 78908
2140 433 69667
557 7 42628
2388 1544 73569
2037 1059 61519
2153 1311 94034
1037 977 26598
357 1350 27873
1395 2203 13137
1898 321 6413
270 299 54731
459 1278 1838
2236 612 93666
1202 173 11748
1340 979 69927
1482 2490 72442
1384 332 56888
37 1270 84533
39 1581 3995
371 1393 42968
1184 2104 41308
459 302 20606
2198 975 22346
2244 1185 19117
1041 263 3534
1051 878 55654
1835 1873 78553
140 888 32794
1942 841 17059
2084 1660 38020
951 937 91844
2100 2453 29138
1820 1720 6416
616 794 5530
2142 1609 22584
1950 2228 77354
1358 53 50609
2103 1487 45269
1364 1835 4596
2281 2476 77595
2132 1432 60332
1868 1586 45095
2072 357 76025
722 1251 68571
2230 120 41974
624 2117 99601
737 1738 44695
1487 1924 99159
97 1154 73722
742 1649 27275
951 742 2718
1387 760 98619
675 950 5200
157 1244 37566
1608 2443 27552
450 1086 46339
379 912 2282
1127 149 65888
725 591 9253
498 1516 53454
623 91 93746
87 1055 11700
2104 2160 72952
2117 1769 65227
1197 1782 72594
1767 181 17798
2416 888 21269
1503 235 6168
1354 1184 46203
865 1482 99753
662 1094 90639
2084 471 8137
1755 1458 4745
1717 1616 46522
622 1201 71776
2129 1015 99675
2252 499 74847
2091 1038 70869
367 1904 40758
1204 373 91809
2279 825 48166
192 2270 71591
2304 26 26342
2027 1033 32925
1450 2435 48587
1592 2037 77863
1063 793 35505
888 854 60501
2182 171 68554
816 493 4445
283 1254 48820
93 732 85362
2483 1273 82530
1556 707 67507
2454 1778 41166
2036 1924 11879
1637 128 62421
1312 1086 56191
1051 179 73401
84 1799 132
193 1010 41920
2138 1833 24610
166 35 54142
1695 778 60267
304 991 54425
1640 2293 8457
178 422 76792
1406 1739 67049
623 370 94361
9 2383 97930
1922 2082 22621
1033 52 24355
2291 100 10754
1444 1831 15264
692 2402 56727
711 876 34518
2468 531 57953
1628 1346 8873
535 2405 15472
1635 1114 19103
1194 1751 51494
80 788 56064
1443 396 82924
1620 2072 35462
657 2100 29818
681 2088 52959
2161 1191 96769
717 516 84227
1206 2175 67252
2266 1267 54084
1334 1528 74186
1331 1441 7721
1193 827 40640
440 2369 90613
457 1468 52154
1501 1049 53633
211 398 44575
33 471 58575
433 2039 78855
889 462 48487
632 323 77211
1888 1084 89918
782 788 21710
1209 1060 73330
798 117 44810
1039 1610 79662
1015 208 11564
14 1593 34906
1498 1403 64631
422 245 60608
614 2101 8295
141 1956 22752
693 901 62818
1398 805 8367
45 849 3631
823 682 32617
1887 1594 69565
832 1583 84690
1555 200 75986
1115 554 72633
2091 1045 78891
2017 1640 16245
895 922 83340
1247 2124 3284
183 688 55787
1396 1529 28932
1684 326 48919
398 1024 7951
396 787 60804
246 42 73914
862 1823 76932
2482 1109 68514
146 15 22134
2073 603 3576
1618 604 87431
1295 153 79229
1014 1478 85132
2089 457 5946
1904 936 55008
446 908 85194
426 31 33131
1912 560 43347
834 1337 19841
948 2250 87131
1275 286 74392
926 288 27296
915 2339 43117
586 1417 77066
1152 1271 42162
677 568 42087
1964 1782 65437
1027 1879 98805
16 1133 2398
807 421 83654
439 1771 36053
1520 843 76291
1843 1468 79191
851 320 2906
1694 1029 16202
2381 253 53377
15 643 22420
2324 669 11559
499 1468 33203
942 531 13113
1055 1381 16395
1647 1486 10964
1064 478 831
2279 859 76409
1406 1655 54188
2297 1032 54868
933 1958 34645
1701 1887 31455
2347 551 92289
1011 125 94188
518 1734 15991
1726 1099 34815
270 190 18338
1826 1217 6704
2341 897 51449
2491 2254 49095
1044 14 19974
2196 2289 12200
1480 295 76760
1228 1981 34168
2365 1088 44388
2493 1656 95634
2244 1928 31351
1035 1001 92081
1801 1113 74285
1438 184 47421
536 2242 66840
1512 649 14846
2345 1963 82925
845 310 4126
1666 1370 34986
2141 138 12522
2382 687 38702
2436 726 62082
268 2172 54568
2421 2088 66631
407 478 69941
829 393 87278
449 41 71986
1231 2362 69496
636 68 27257
415 732 72503
2110 1417 42876
194 456 68521
86 536 22507
362 324 24599
1228 1892 25686
1672 291 87278
1086 1403 68825
650 1310 45053
585 621 98471
1533 2346 76370
1350 1017 56799
1732 2013 60621
1757 2365 43890
699 2474 41318
1409 105 79847
413 1098 97136
2436 1715 87853
1230 1565 61358
1001 1463 98771
2024 1396 96212
481 2207 18519
601 15 50084
2115 616 33885
1101 1213 28225
2364 2394 21446
1005 925 66893
1215 82 72706
2131 2220 67463
65 1435 69729
2332 570 90099
372 1289 91413
1742 2469 8785
2430 1669 61235
1767 1078 1243
1024 1951 96872
362 824 83316
176 1337 26785
1868 1065 81931
910 1850 78940
871 1212 44275
1062 1880 94360
1257 1324 46890
1878 145 33712
16 1309 79598
1640 434 35343
753 1065 29530
2436 1660 91573
760 838 96056
1669 2285 69188
649 1438 69836
2110 743 8455
39 1607 5597
1848 2366 71747
1047 2001 25955
1729 1740 31538
406 366 71986
2494 1537 73523
477 2132 95092
1540 1983 93411
2401 560 58230
1739 1728 69087
2267 1152 36967
973 792 80917
1689 238 77926
1032 1902 92760
406 478 26095
372 1736 22630
2374 1630 42009
2428 123 34411
1852 505 62648
1299 1692 41131
1875 666 48207
972 1751 22247
1686 169 5383
391 412 80538
1112 1383 6104
1735 1045 91826
889 1962 54438
1957 1836 51364
555 890 7563
1417 388 1353
730 2475 44159
197 1103 5768
770 85 14563
1739 858 44780
1016 1948 42522
2146 2006 4379
584 1691 82236
2162 1474 13951
892 1015 48640
766 1349 17956
1184 2116 96814
259 195 25293
2280 2096 59807
1687 419 45485
2107 481 95520
98 979 97143
2388 255 30504
473 641 68336
1620 1624 26669
2367 626 11817
2378 2175 37844
1021 866 19463
557 2122 77321
2048 397 45919
1515 823 71703
2217 1631 6284
416 1689 18825
1842 543 68915
2495 1585 38245
2392 1457 23191
210 725 10528
1004 348 66764
1144 2499 79615
1686 2492 73403
584 2212 47597
2121 1953 79273
2288 1057 12595
1385 796 64723
2207 638 25741
1643 311 61538
798 904 5391
2184 967 94621
603 2234 57148
167 1598 68001
1396 1434 59727
1753 1753 15739
241 1135 75237
2066 1834 34780
31 2205 65132
1162 799 69803
329 1241 15812
1541 1410 36387
1700 72 76444
837 1764 53275
502 1203 44341
1650 371 18242
569 645 33324
1780 1044 17677
862 2057 66724
2170 568 26104
1498 874 9514
874 867 22747
147 1433 33995
2285 1815 23385
971 1261 52676
2375 1719 57071
1341 2231 7175
581 215 7301
539 2404 98009
1293 2238 26083
1947 1273 86683
743 1039 85305
353 1773 77153
1987 1525 30376
283 5 47554
1751 1715 3903
1335 368 39113
1817 1075 71769
1512 554 70137
1956 242 46642
2283 1043 48985
424 1398 92446
2309 2461 51961
1721 1170 31851
1557 636 47950
412 411 41686
1000 1003 78275
1149 434 87346
2420 1179 2968
2101 1805 95746
1041 2394 93849
1296 2179 66765
1077 672 72503
1840 472 54787
1908 686 35680
19 1504 50348
1667 591 8361
1214 1440 90109
1366 2135 83918
1485 2379 51665
2127 1897 74581
2107 863 83579
2258 2463 36993
1210 2018 44330
864 2355 1556
2151 962 32468
1862 1336 91507
598 1525 34917
867 2312 6054
512 396 78035
2325 2187 19136
1592 70 85381
2129 1987 75974
2169 407 90462
1210 1517 38984
128 1937 82136
1189 1886 93370
1099 1256 97447
846 1270 30822
2055 1126 23980
794 1723 46265
438 681 45910
195 162 51906
2004 2333 23437
2102 2022 21952
1591 1782 52159
2457 1959 59705
219 1485 97216
1802 51 24219
1131 608 97246
2427 555 66961
1258 207 12588
1946 830 32889
165 404 48005
35 1371 41759
2092 1715 96531
393 1653 89901
1701 1200 98799
1236 1337 73663
974 2367 4617
2203 1854 34499
1708 1313 36552
1781 2001 15811
435 1192 60596
458 406 22159
559 243 62839
327 1001 24560
2218 1296 7467
2309 1756 5547
486 1861 70750
997 813 3489
1770 438 20225
1720 2098 73014
1317 55 8266
1010 759 19210
1390 2461 89625
1504 2447 69246
413 327 23191
1654 166 26844
2330 1998 61100
1959 2085 60077
2226 700 30178
2328 1520 12649
248 8 4479
175 1425 71038
1934 52 48191
1075 791 30040
442 1456 22899
206 1590 75232
586 2019 98960
1799 950 33168
783 98 5495
1993 1487 76876
1315 651 43557
1159 2076 28344
1501 1285 97970
2030 1559 48155
290 1547 95010
1642 1569 63540
67 841 42958
1925 2300 62930
2014 676 64116
993 1632 5109
754 1915 12821
1596 1193 49339
1258 19 43613
1214 1592 16273
2284 2304 24882
414 698 53822
421 918 78373
1314 1707 35346
2161 123 19442
1669 256 46982
128 1839 93763
454 803 10732
878 895 81126
820 2259 32565
1169 105 13818
1970 1619 11243
2437 1313 24968
331 1630 41138
1322 1346 21975
932 1104 91213
1106 1894 86370
1065 1661 80720
357 2226 59366
1995 432 68522
439 47 99843
1369 1914 30691
1647 608 47711
226 732 90081
600 599 9079
1212 1841 29493
2102 1664 14826
353 413 28122
960 982 42735
2106 74 91831
88 2291 93745
1337 1784 41524
1134 39 72215
1631 683 88595
2342 1162 24462
532 1531 50385
1867 2060 23862
317 2146 43470
2264 2030 72416
2469 635 9925
382 1178 66991
2327 2188 5834
1818 150 92817
781 1534 12206
2490 573 76441
685 1972 56929
1004 1299 56122
2156 883 28083
988 1984 66148
2121 1451 17055
907 2442 19756
1823 492 95221
2224 2434 21106
104 2226 19712
1790 1257 20051
761 264 67619
1733 23 33952
1052 1419 50827
2220 2371 43941
1076 1506 8586
2428 592 57672
1226 1653 15976
1908 1442 4901
2359 2102 48950
1773 804 50335
839 1174 96366
193 2345 65000
473 2197 53066
2178 452 68100
1951 548 65931
2253 623 57714
564 348 63701
2266 1775 4554
320 563 95146
779 2064 41780
1913 1238 14089
1401 264 52235
190 2289 17169
2165 1130 27196
2241 1261 51879
1801 1383 42128
900 703 28355
465 622 37563
404 1749 308
2388 14 98164
538 1962 10552
534 131 49374
1947 806 81406
520 1795 61561
1019 220 33324
841 1059 53051
263 643 33836
307 1424 20923
1038 745 9950
418 68 15798
976 708 16608
2410 998 54991
1504 2482 46127
1646 238 43158
441 1122 41897
1968 1132 2209
718 1763 49387
1517 1044 70074
1881 1282 41299
1754 2103 59974
30 558 33640
461 1060 14883
1882 2143 80429
1963 1567 36040
18 2384 56815
38 226 32486
114 907 76012
359 1270 6050
279 1285 51587
2011 906 12605
556 227 97197
1677 2123 80659
1623 947 18006
172 215 20530
2485 1261 82374
851 676 15084
934 1923 48840
2450 280 83536
633 1784 64395
2124 798 43806
2420 1964 20766
2264 2396 58140
2318 2460 7404
1648 1357 81703
709 2226 14690
1628 45 96128
694 2078 13376
1960 1470 65504
1441 1276 1154
203 658 79971
2096 1707 85402
1653 1359 54309
661 16 81176
2255 427 63642
188 2207 44321
242 914 35448
1949 1348 33876
1966 2237 78430
2157 1355 78393
2107 2434 35218
1624 1709 59041
1234 910 8096
1747 1270 99546
2198 1720 61721
1432 188 53538
83 2341 50546
2473 2326 57005
1782 306 91636
871 2237 3341
759 2462 20255
112 449 16434
810 226 31302
310 388 20139
2184 1271 90340
903 48 84564
603 1266 4113
1483 468 50748
1862 2178 66072
416 1282 77126
1103 2347 42411
1481 555 98154
998 976 63099
1951 919 93286
734 149 65385
1418 1199 59905
465 2321 1459
1880 1305 18936
2142 1702 57412
1429 1341 45142
1066 1468 10599
1971 1105 54313
1467 109 73167
2486 1630 68777
1080 39 59321
135 1499 12058
790 523 80043
11 2104 83766
1864 303 12410
927 26 60177
1742 511 58902
563 218 94132
577 2157 61903
691 1529 72297
929 1336 87624
2397 1353 33554
1932 683 79676
623 2343 91502
113 1466 38896
1376 486 76167
1511 1592 65776
631 2224 74455
2107 582 24747
1562 1012 70365
329 548 1604
2320 2483 59701
131 1725 36904
10 1708 73927
1810 2185 72059
1339 1342 26790
508 1579 34927
1022 2239 66866
1738 1416 99580
2050 165 7841
793 2339 57516
1789 2493 49269
2374 1671 9124
493 626 72670
1734 67 81296
1173 820 44982
1968 127 62782
763 2052 55546
417 676 63432
2352 827 16428
1663 508 7791
293 926 45545
1628 1201 75680
2079 1280 99150
1253 985 47856
1046 1628 18783
1986 1402 76590
2103 1060 12195
1277 1062 73518
997 1913 33637
2213 844 39991
1148 1347 47614
518 2414 84182
2221 1220 14315
1696 2332 72356
208 1526 55433
844 951 87749
2285 1552 69651
215 1863 9472
1438 267 36272
2276 1453 26942
1719 2450 12179
1850 1547 37483
1635 2013 83670
542 498 2295
1065 1367 20253
627 1099 10945
1798 2110 79290
1627 2310 40620
1479 1008 56503
1324 1599 96150
619 524 53975
839 259 6507
935 230 76654
2161 2096 57144
1887 1784 8774
1093 1220 8935
1645 120 44938
71 1616 96401
1239 604 8601
1395 241 16472
958 564 48508
654 1261 77655
2255 1308 12724
311 1588 62465
1296 1205 49606
2145 1433 22415
374 411 32107
526 2301 50894
251 525 14507
2054 2059 62231
91 929 83719
2353 2241 61406
1841 298 86453
2193 45 29737
1551 1545 37256
2131 845 70946
1525 640 55189
2273 2111 10771
2245 1277 53094
1234 1533 4982
2310 447 51846
1073 1724 56203
2077 2056 45783
585 1079 83835
1474 1212 25978
1582 872 95947
357 2207 78475
2046 2395 47115
1086 1541 33917
583 1787 91564
668 2001 38509
143 1442 60224
2430 237 8661
812 2199 33069
1948 1596 53698
1534 2477 58187
2306 1225 92164
1664 1050 44417
864 1672 18162
1854 1968 20687
1491 1581 954
2487 308 89119
729 2474 61241
961 348 58520
1584 1045 82629
1485 1374 13182
797 624 66288
1739 2270 53771
314 2259 23255
2375 305 11119
1059 773 97635
1425 1059 16009
2146 249 40278
29 1684 25428
537 1216 39178
1179 1846 47640
1777 2038 29831
680 2224 17622
150 1207 71092
1089 814 51507
912 627 88519
2251 1514 82723
2288 1757 66520
1257 1075 61835
462 669 31346
788 635 67489
2492 283 27494
1059 1270 23131
2106 285 54615
1879 75 12031
738 238 24490
1509 1758 33188
2318 1289 12699
1502 2352 39956
318 1073 46382
1802 1056 73026
671 1630 52648
475 352 73197
1039 498 57400
288 1609 63644
2451 1509 83324
1223 755 36007
1253 1549 19046
756 287 30537
573 1248 91102
1298 1569 89631
649 1093 540
1097 1267 30719
2181 2246 26707
1144 1424 47707
188 2419 28754
2129 929 88253
418 779 51079
1214 1870 71745
125 1128 12492
694 1424 42855
2310 1604 70443
2361 621 72213
305 2257 71619
842 2318 39365
1719 217 66000
911 2208 22233
2004 1699 72039
1220 559 76842
1673 1235 63785
335 2470 89514
2314 1863 76708
1597 1788 91639
1096 997 55290
403 1984 26999
720 2133 29982
82 140 99503
2041 2436 32086
363 2350 4274
569 2472 64332
1699 1809 7169
341 474 5654
362 1770 8518
871 494 90768
1831 1891 60644
25 2379 96689
1814 1578 68322
678 932 30184
793 1448 30903
2011 633 86673
542 618 787
1036 2 85645
289 1103 81728
2323 1440 18156
2287 59 67110
369 1193 45656
1156 1232 86950
828 425 94142
1384 928 54286
918 570 531
2196 341 10727
970 1190 18712
2244 2280 21663
379 345 20439
500 2173 42918
1327 1884 11787
94 2396 35179
2340 1960 25963
804 2154 49153
389 660 28027
1968 1377 74344
2220 418 55550
784 1766 60728
2380 1350 47818
2376 2194 12687
2077 310 15745
2012 2339 46867
1738 278 24513
43 309 10923
2049 2025 39109
2448 1976 9998
405 1892 69888
2053 660 36523
1683 2177 87663
2338 1409 97189
1682 417 45053
961 2148 85854
1130 2263 45693
75 1359 46210
2048 1932 2803
1229 31 10959
476 448 77504
2499 244 50806
936 588 91578
1513 606 78494
651 2096 83641
111 799 35796
2450 2158 78209
1439 673 95565
484 809 17468
1677 1174 75750
2404 2038 82237
1478 674 99832
1858 1418 35829
1731 1236 48257
2412 1549 56307
2433 1857 31340
303 2155 28689
2352 146 8615
274 833 52504
1077 1792 94111
158 746 78728
724 969 15774
159 2244 41219
440 901 71803
1506 115 22686
973 852 98169
1707 145 32172
1278 1685 54074
1006 1932 85015
1798 497 24997
1514 1719 56309
1660 2208 7368
1168 1232 61281
1367 1429 30753
2161 1193 18488
1032 142 97538
2104 352 29194
2017 428 77698
1445 1223 50495
1060 292 91338
2353 2465 48287
1790 1921 79830
257 2436 5494
2402 338 35534
2358 456 10935
1930 1721 8815
586 1564 84483
675 1484 94662
177 577 94942
1620 1342 99671
2152 935 67438
261 2498 10270
1103 874 78799
49 2069 87152
433 698 65118
2410 1350 12873
2248 698 72071
139 565 99511
421 1287 45616
2364 1580 37777
458 680 48915
873 1565 39798
3 1684 50524
1861 890 97624
887 1527 96520
871 1367 50429
128 1458 874
1042 908 82628
1039 970 28698
487 781 73012
2101 388 10483
984 1728 69577
327 1949 72007
1894 2436 77314
1081 377 10480
1041 2197 71340
1194 1562 1423
2237 1519 55787
778 1237 40032
317 1211 33015
330 6 39985
2101 1060 25713
2059 837 13429
1695 2411 82177
1059 1546 57478
2316 1052 80874
1315 546 86600
2182 1012 41156
869 695 64104
168 641 55943
685 994 21761
92 1169 35052
1351 1252 43048
820 107 58390
884 1769 3968
721 561 4528
259 415 29048
1949 121 61736
2390 794 33878
1502 1519 1772
2258 1182 48821
629 277 60332
1073 753 74442
615 1789 82208
124 1006 69571
915 1239 23261
1260 2376 51670
2309 2479 96027
547 1319 16646
326 1073 44676
1086 1206 49314
1660 705 29181
202 609 31792
422 1185 88259
560 2004 75862
1722 2025 51345
173 204 46296
2140 1009 78220
1848 517 95285
787 304 57626
2300 2166 85131
40 197 10225
661 1471 36494
1266 647 67937
587 666 13518
764 1245 32963
2298 494 66392
378 2112 21644
1351 1121 9082
2135 1960 63196
64 2040 30351
1772 44 8540
263 1136 50801
1275 925 91821
1761 2388 17104
1018 1495 2457
1637 1846 94511
330 806 37588
1691 764 3114
441 2225 75712
1611 772 21069
1952 1035 19265
1765 2395 59249
386 1340 8157
1534 2498 23136
1974 535 83472
1286 450 75133
2253 2324 48582
985 1610 84161
2492 1255 27856
1247 2210 32523
1273 444 6125
394 1188 35185
342 1400 11792
931 2380 55490
1080 2360 74698
1126 1688 70648
1426 2207 14569
1591 2386 47530
2092 90 92191
121 1895 89278
1825 398 39595
546 2051 87031
895 1940 98892
1887 380 59292
284 1129 67300
82 1342 83082
193 929 76232
741 32 68886
747 1265 49104
1031 798 56778
832 2201 99822
1657 2235 31098
1129 1986 12097
2116 195 23232
1748 919 32864
724 1914 26478
1646 581 89821
1087 691 78007
2080 1113 52577
225 1268 11833
558 2408 25771
21 945 90654
1016 1473 66435
159 1952 49397
669 312 79675
692 503 92978
894 337 83701
2499 852 67530
975 1159 24922
1828 381 20818
2035 1734 21069
1290 701 8559
2075 1729 17999
464 888 17109
1147 1669 49882
1269 806 31850
2334 471 66799
1976 1894 35518
1584 2177 20505
2210 1807 95261
638 803 51262
2223 320 62507
1730 435 41788
1506 701 76974
2255 807 62360
2438 2472 71385
1200 1806 48888
2445 1735 40823
2185 1676 47966
494 2114 45063
610 282 28717
243 809 27147
2063 2406 74877
1400 2383 22657
913 1684 14267
408 398 98871
2166 59 12768
235 1162 53392
627 1095 87065
356 2324 76620
744 483 74671
884 71 75199
1011 2115 64784
1364 268 314
1524 790 74557
1046 551 47827
2278 1580 40207
2408 1029 87439
2437 1660 8666
2313 1177 25479
1697 2239 62883
280 2329 53988
635 2395 64894
1955 953 22662
282 1140 15948
2153 878 25595
973 1047 12049
2280 1915 67280
1881 1037 98763
756 169 90320
764 1689 22250
1285 1678 60688
485 1129 71174
1445 1697 98312
2285 531 67860
999 1945 466
1868 641 32973
480 1296 87913
2254 2155 82300
2172 885 69654
2032 393 7475
1248 1933 57859
531 2451 38769
843 149 92761
1918 898 20824
1058 1743 12182
841 632 85510
592 564 22384
1726 601 31398
2041 464 73883
2138 342 10808
2373 1335 21478
157 2440 19727
1257 509 9125
51 293 78203
323 2167 69154
1720 1725 67952
1299 1292 16090
834 588 90229
1598 1853 32363
1179 352 20905
1898 1550 34545
1895 2365 71330
1901 906 83294
2262 1842 31190
543 1494 82338
936 2095 75122
1954 672 94162
2274 1606 86903
2397 1029 73219
2096 2033 77038
1771 953 86905
522 1680 51739
528 465 10005
717 1825 15134
95 844 15025
2061 1751 55798
1203 1872 9541
2446 421 8120
157 1971 9834
628 1662 88614
1547 593 69461
669 1081 82872
802 1518 96266
344 827 57713
277 1986 3558
45 1049 10809
500 77 29101
1097 97 63012
1689 1489 80861
2114 1847 47572
2067 2084 96799
1630 420 68154
1333 1338 55279
923 897 49817
1405 2396 7166
1879 1737 88818
617 336 5521
1412 850 79782
2412 661 26705
879 1047 58052
670 67 76348
2387 1374 68538
652 858 99433
617 580 94367
2129 980 90587
117 2027 58098
1897 493 43868
1116 1839 80479
1034 1786 79068
1550 1495 42046
2164 419 99456
745 699 43097
2358 2498 83460
463 632 46347
1662 720 16558
66 628 80321
1794 1459 98902
308 234 64748
292 2377 45945
838 723 81394
1198 228 4725
546 2249 41385
1407 147 26946
544 416 30024
2475 1971 18408
1922 2046 17683
2186 640 91893
1613 2374 5959
1353 2206 10338
1833 2480 96138
2041 1454 45230
1554 1232 35110
1280 232 3255
1546 826 72821
1989 2370 62177
2200 776 62268
719 1128 51053
497 336 8677
736 2304 85599
2499 1791 17098
1689 1068 8455
583 786 33190
920 2311 83430
43 825 49406
1801 1787 8401
362 1485 79231
2336 1300 92536
1246 1842 40369
417 1774 2951
1534 425 37633
1887 35 17465
1475 1144 97519
2497 1182 66265
1553 1979 24180
669 2311 46158
1166 1056 84564
2127 1971 74275
336 2286 67846
1535 948 84807
89 2279 48459
404 2031 98185
918 2095 17083
658 2347 86007
1837 1132 25822
1449 1507 20564
1942 384 88790
781 901 32698
1794 1616 90036
913 2048 42552
470 2289 51168
1794 226 69882
1618 2115 44226
1453 754 33471
1020 2455 31055
1851 1382 82179
830 666 14399
519 1519 78535
688 1653 17891
2060 1417 88975
1092 109 77818
64 1638 84989
94 1855 10836
1596 1473 10436
2309 35 11665
1125 1753 8109
1225 784 34250
2195 1901 97474
1738 676 47439
679 262 75789
1976 241 70263
1813 1907 96790
1147 1439 11659
870 369 73292
440 955 14991
2345 1719 6758
2103 1807 71377
1561 1893 32842
2169 2382 12271
220 410 84696
2389 2482 64113
25 1657 41949
101 1655 7632
1964 963 53707
281 2148 68182
1646 1490 27858
523 14 40211
185 9 46808
1947 1051 35684
2072 386 9136
185 2328 72997
94 2082 16153
1491 1390 59101
1587 2483 33488
813 2005 92278
848 2468 30986
331 2109 77451
1252 843 8566
1156 2386 52403
536 1274 63181
2351 278 56574
345 2054 85442
2046 655 76501
1558 1779 55575
2229 2394 92501
2204 1709 25008
2122 1018 40429
319 1006 1741
213 925 72355
394 1493 63123
693 1082 93102
2163 2384 1939
1713 469 17205
207 1760 58488
270 871 77381
2444 1463 54861
2221 487 97256
992 2462 39662
974 144 90858
73 1962 98905
119 446 65798
2100 2054 24111
1125 789 78975
212 850 49249
1125 1998 49976
1018 1797 42004
597 1454 23944
1237 2179 70152
706 2240 2808
846 452 21887
2209 1651 85162
2382 2439 47054
2485 2499 24615
122 1944 22238
2388 634 83380
230 1846 78902
379 1694 52274
1403 2488 50354
1335 1739 40493
124 2348 28636
240 1763 82282
2186 1183 81818
298 366 32009
2360 1360 31865
381 1436 46223
1979 1468 99416
1697 2425 10523
2329 1899 27676
2263 1254 68377
1571 531 25657
2453 784 44688
740 2458 45680
2326 1884 51781
368 1848 35866
111 1922 93666
658 2296 63930
1318 730 40425
330 605 55822
1420 2027 67999
120 1010 85129
2113 835 6418
279 1294 2029
2249 153 61842
287 2360 24617
1677 1216 94389
1953 585 95688
1919 1763 54313
2458 1101 27590
423 2145 27091
740 393 1463
191 1154 96544
1164 1561 33449
2149 1006 18029
987 2406 62758
1192 93 29585
1087 384 66907
1087 1013 84467
2469 84 89045
1034 724 21580
2006 250 51468
2042 1899 326
1462 80 22751
2021 271 21339
398 271 42202
1526 746 31933
1061 891 45280
2130 1136 38046
122 151 37056
2095 2408 21499
699 591 73700
935 640 91023
683 2434 56324
527 2148 14289
151 1179 42397
2302 1439 52445
2226 1017 13722
510 285 41208
1264 526 41786
1010 1202 43560
1102 1934 33627
633 1972 26409
287 10 52693
711 1647 24024
443 1418 33866
552 453 42710
1394 648 93980
924 2135 43346
551 1100 38570
1569 2284 92054
1272 1515 10277
2054 276 85524
57 693 3984
112 1118 57474
299 1085 87027
2161 1806 91965
537 134 81352
351 2446 39774
297 2058 22153
725 1538 79068
1209 615 13683
1057 496 68501
656 31 5224
2062 1601 98726
1116 359 7443
1316 1573 6354
2190 2246 56058
2020 573 62609
646 2078 48851
1633 2077 36170
338 177 25130
1790 56 3703
1295 2275 57760
2110 1856 94753
1018 2396 94479
1069 350 44277
1881 1996 72532
1119 2213 36503
1693 2171 1079
1711 749 16367
1151 303 97726
1453 357 28205
534 568 44117
1457 2474 14030
1222 2 25087
1855 2068 47448
38 145 87162
346 2271 40811
1472 218 84975
1685 1378 10805
1794 1699 61800
1018 1617 46390
2085 1130 64798
2039 102 80678
2453 1357 63362
179 891 58166
469 1342 47668
688 2030 77834
2301 181 38134
1627 2266 76376
2318 320 7183
1957 478 34286
88 1778 73421
1822 2363 58156
778 618 32252
2184 1271 14427
1818 2119 30729
2406 1885 44885
1060 1200 45838
670 1300 86497
427 2468 67989
462 2069 63821
439 660 474
1480 1970 59775
384 1626 32177
2053 1504 39124
658 225 72067
195 207 93450
2337 1856 25666
159 2 10124
510 2076 23667
717 547 93210
205 659 67101
2338 2369 29758
707 1907 19557
585 1029 16513
1594 2133 97277
575 645 14569
1444 2449 87974
1745 2170 48033
884 154 16593
1541 2128 68060
1660 1042 25893
985 1584 57036
2374 1570 93346
2028 766 76732
730 1708 71925
881 1739 96519
2239 2195 99906
272 1261 42600
2343 1336 39290
1962 2136 49396
963 871 38071
2302 1150 41615
8 2441 95371
710 1770 7469
928 1555 76663
1780 43 73709
2322 1123 21068
1174 563 65995
2004 1636 27267
687 2242 97925
542 50 89443
1589 985 53930
637 2223 15822
2422 1785 7368
312 29 6026
1819 351 33072
296 1270 36591
1535 113 50296
2441 422 32789
1447 846 12804
64 1146 62926
2103 486 93618
2419 230 31072
870 1081 94413
1858 2221 27042
2228 2144 54474
2343 1176 77881
1713 738 96984
398 2396 96200
888 2445 83218
1232 841 22434
2280 1440 31811
2235 1395 79928
1868 781 23618
395 1121 1955
1882 1122 85220
1246 756 87531
515 529 69406
947 1560 55420
856 2313 33203
1787 687 43412
2155 2336 59862
872 476 66784
2313 2254 42780
196 642 40002
1888 395 44636
969 81 71966
464 2288 37125
94 917 97640
2255 900 76299
2214 362 29794
838 273 26953
2112 2123 9511
474 214 28735
934 1982 15341
226 2356 85767
220 2224 2042
104 1143 26740
1081 889 92611
54 2380 77290
1787 1459 96646
359 2495 26701
760 1590 410
2083 340 97804
1128 2205 50287
270 1462 72650
619 1306 41149
270 2458 98326
2096 151 41055
1841 1772 23821
1021 621 45354
829 1277 11174
2178 741 47652
563 1492 17734
220 188 35943
1050 901 91496
1985 411 51071
2419 53 64671
2335 1741 26177
2050 1293 34070
2117 856 65679
2235 888 31963
1353 1703 14330
1703 1220 59977
1487 1117 7061
2394 1246 39212
408 1668 33726
1731 2310 51183
727 1678 49010
1823 1150 41660
595 2260 88192
2258 375 11940
666 2445 35530
889 572 2573
239 2359 76728
2210 249 60426
1467 2328 71546
951 1062 42317
1013 1196 73876
373 1821 47808
1991 1090 69223
900 1756 97014
1953 421 36312
1570 86 30070
150 1799 69576
622 172 60292
2292 197 21555
387 1581 79078
277 1866 76722
118 539 15506
1051 1378 53983
337 1993 46445
2415 806 12820
2364 2071 28125
821 2271 78569
702 1021 50672
640 1272 59808
950 1261 80985
2322 639 26685
134 1706 52864
2425 663 1040
2457 1157 10749
1525 2234 59469
1507 877 45151
2400 2053 21024
1273 863 54666
1711 1306 42715
582 2089 82340
617 1806 59730
2009 2248 88214
1261 824 60576
1562 253 84180
1167 549 23665
722 2188 62292
475 767 28627
2235 1122 25132
2284 2375 75776
586 1183 5480
803 1625 42227
1004 1329 60936
73 318 37683
1197 1239 69214
104 558 86055
1810 1275 61667
1920 340 35278
498 638 85865
317 2247 98612
2267 360 31844
1947 2454 38444
1351 1184 30733
860 350 87967
1834 1108 80465
731 1695 11434
791 2307 90788
128 1156 65712
137 2167 38268
738 191 52571
1833 1891 88697
2179 1128 99843
2385 2154 60526
1516 1793 35591
589 351 99905
1061 1789 24620
1216 1893 53743
760 3 87368
787 1586 77558
2220 799 84058
1225 829 99590
1144 2238 41214
2190 743 70137
289 2224 92583
1242 1952 90231
1400 49 45107
140 226 39202
488 129 37469
2288 317 43660
857 1044 10748
1202 1364 55895
354 135 83802
1403 296 11478
1419 1290 72358
1765 725 92763
1993 454 83465
1114 1746 77840
946 1002 26941
1959 1251 67168
919 2448 44010
1856 602 53941
1884 25 10927
1885 1527 6183
2382 951 70144
1490 903 65998
1080 2410 59364
2008 194 85211
185 419 36545
794 2107 28327
989 999 74209
663 2377 15474
1223 1720 76331
1580 882 78834
242 2360 59443
513 211 3317
246 476 1146
519 746 30493
2485 1213 83183
1097 2339 73207
1682 1539 41084
1882 1429 75555
1171 1576 46325
1878 99 23593
529 1882 48294
1261 1432 57607
685 616 45001
501 1764 7364
1959 858 62721
2273 2033 3546
1101 601 75050
543 835 84738
1678 846 93998
2048 2285 35940
2464 1253 59551
684 1044 85605
1469 353 45950
637 304 76320
152 2388 41846
2238 737 36286
1797 702 74164
2415 236 70926
137 104 70716
1394 1397 92171
21 1814 5588
306 24 84510
481 800 26239
2416 125 38972
886 1222 22513
121 462 95197
40 625 45655
807 2092 99627
2156 953 16843
1671 753 81801
324 2108 55400
620 1511 43088
915 304 5915
1960 2395 20470
1845 538 33709
2329 2440 75104
760 190 6456
1354 1885 87958
2279 2002 66119
1968 1463 32077
2298 1306 45653
771 5 78814
822 612 21543
129 2327 74077
1150 2125 12792
2218 118 65517
312 433 79817
1335 2398 1927
1298 1081 3332
925 1187 36840
1676 1540 83885
1423 1096 2909
215 234 52090
1874 254 35796
1554 44 31051
1963 863 13560
1186 1573 4091
142 413 85802
1403 461 14070
613 1807 25193
541 206 88595
1732 2478 37315
38 668 25611
1918 2070 8662
1107 920 79919
479 1392 96487
1878 24 58667
743 1473 47204
1989 2274 76313
1922 227 57373
1667 532 45807
1635 260 6963
451 1336 92856
1496 2147 53701
688 1327 58665
711 1623 42769
120 253 26105
1182 520 42283
1747 863 1961
76 285 76535
1 1888 22805
1295 826 56140
1762 2237 91782
155 631 80121
516 1187 70371
413 1237 62261
627 933 74028
1932 626 10514
427 1755 66604
947 936 13670
2131 1107 47633
1883 636 16795
799 1052 53811
715 2181 31599
1447 848 14909
953 1592 72256
1523 14 96813
2423 1967 63451
1450 1900 32149
334 1747 47286
507 947 68062
1054 2370 80450
1502 1921 66742
1775 995 5231
1566 1352 9117
1210 63 46509
342 2426 46139
2312 2033 28065
1147 549 259
792 2421 14970
1618 285 81793
1004 1053 13133
1163 1881 19305
709 2033 24238
2258 2360 43150
1989 902 78130
380 1307 52121
2051 571 94557
1014 1340 87396
1579 15 14787
309 332 35771
1827 1809 36930
1018 856 79879
2179 2082 43362
1796 1690 76852
2069 2369 80107
836 1761 56968
413 62 20165
1856 69 25775
2323 35 69682
1027 1244 71218
2307 169 53561
2155 849 59231
423 1011 48650
246 356 87648
1128 1901 56274
2105 426 65980
566 977 53428
1251 588 1321
678 1223 4519
1698 1892 91656
834 1263 26013
1369 1704 37073
216 539 87437
174 104 66199
14 773 28408
1019 486 90690
2273 1933 65409
76 2156 65377
921 2299 15845
1567 977 39598
895 2391 27415
1281 1695 90767
258 1418 44136
13 279 54714
2333 2086 80658
358 387 69455
2005 1458 31557
1713 2310 43786
5 1173 90506
1610 1940 29805
655 1229 90383
601 67 55860
1574 1301 82767
917 293 65191
877 216 1648
2079 1581 81237
1634 2220 50084
231 477 4689
717 1148 98547
1647 1185 37226
897 582 36806
1137 2500 53924
1569 114 37018
1591 1920 23492
56 448 6776
417 609 18711
1144 914 42932
614 1256 83085
1327 508 9689
1551 1885 27662
1392 459 47845
2300 683 33305
1531 103 51172
327 1389 13531
93 349 9377
528 1711 60449
166 1396 13810
2201 2014 66114
1890 69 98935
1468 1247 45644
1864 2456 75866
201 1042 64268
2481 1330 50443
424 336 79767
2172 917 23023
175 1017 27816
117 1491 29185
156 746 62243
480 240 93016
2303 1987 88356
1191 866 54492
2174 930 63469
1650 1963 97595
94 2335 46929
953 940 85127
165 1099 59971
896 687 52590
2449 1 20253
2073 1156 61949
552 1925 59225
1475 2445 94972
1136 1725 57188
979 814 60075
1836 1878 26085
1949 1612 50213
1395 83 46152
400 1778 80730
2330 2447 63868
332 1191 99954
1097 1644 48078
2447 641 46652
2284 968 96837
98 1030 33697
1925 782 91483
688 353 71240
726 674 20659
2461 2029 27161
1681 1660 48211
2406 1457 21041
1332 762 40009
2152 2065 47478
933 1220 542
1249 270 33672
2243 2010 22323
1030 387 35702
390 839 48422
427 460 40729
405 2224 21205
1674 731 12237
978 1937 80854
1761 2282 32003
951 600 18052
2151 488 80702
142 1828 21130
463 2031 82480
1875 920 26468
2108 191 59619
45 1327 14417
2441 2174 18169
2487 2288 69688
1470 2364 36685
2429 1387 45557
1128 2383 45982
1178 755 76933
1527 476 61021
1497 1874 13370
2002 1526 17941
2134 86 11712
8 1149 10440
941 314 11862
2146 1941 5826
1539 763 58703
2212 1466 61983
857 2413 81338
545 1616 31476
982 571 67604
969 267 11618
343 2164 33549
657 1229 73679
196 8 6366
1944 437 63543
1495 2296 76473
1516 696 42975
1121 994 26411
385 1741 99072
1990 462 70132
436 1325 40473
542 1414 34300
1352 887 64872
1241 2427 49448
1091 2467 91229
1067 385 99339
2157 204 33590
2240 1844 38377
1406 633 872
2341 238 60808
2138 877 52649
771 337 8460
1603 885 56744
2309 2026 44443
157 2006 2897
1088 567 94405
705 2288 97492
684 797 99391
2286 217 491
484 2228 742
1667 1178 99771
1372 2274 71613
553 2047 57928
769 2065 65515
1577 1367 73112
1400 1490 352
639 2072 36293
1014 1399 45343
2248 1880 61354
2037 317 43858
914 2105 69093
183 1252 61687
2151 1076 30825
439 241 56818
680 1817 22912
1262 2327 29982
1067 333 13943
1269 479 61187
7 421 3599
907 1460 25547
1054 1378 4920
1228 787 45545
2172 1085 3108
2070 1165 15746
1906 556 73368
2485 462 568
1239 237 93880
671 2089 50629
867 1495 47418
537 1445 81672
1267 596 20391
887 358 79514
2101 346 49013
1972 2019 59914
278 2189 56652
2048 898 22056
77 1162 19152
1261 154 3047
416 1286 95520
918 872 66902
283 382 60660
652 2471 30967
400 1891 87792
105 494 30527
961 2298 56857
1300 919 94076
630 1233 9975
2426 1774 92608
349 305 33771
1781 2271 79927
2136 1020 68914
1358 448 68182
1352 2302 23752
1272 2237 20053
1054 2216 52364
633 839 17563
424 2276 97790
1137 961 20043
1810 208 35554
1230 672 69216
1138 1445 66592
2421 2176 11634
2362 1136 5095
754 1209 470
1606 1477 84033
533 1220 54773
2359 1914 9943
152 1940 17584
1336 1597 58866
1255 66 13362
859 2269 29055
759 46 20218
2312 1074 81851
1853 503 62355
2428 1920 49169
106 191 91746
2121 974 69739
935 1017 19883
812 2267 91164
1839 173 32090
2195 1000 47797
1927 315 10035
2428 1580 51936
823 229 94369
2234 1511 92067
863 1070 17718
1304 1063 2521
2154 592 95485
1061 2453 86194
815 1548 51616
2361 1117 59695
208 2071 88897
2353 599 68795
34 657 44105
1522 1357 28116
641 693 35704
273 2115 27522
307 1206 30361
853 1040 79715
2448 390 2813
518 1328 83944
1742 1002 43301
1337 1639 22065
1724 1694 40870
1843 1282 60367
387 1702 94397
6 2291 24418
71 1210 13421
1295 2320 81084
1575 2312 34760
1801 2164 16435
296 1918 83973
850 2219 84852
56 86 2432
1496 1176 77019
693 964 29168
2363 1302 29269
2272 1627 41025
1475 881 97267
26 9 96722
2267 2355 30459
1284 1379 78676
743 734 41808
2489 1081 26259
1781 328 70947
878 2418 6696
477 2156 74260
510 997 57365
514 1806 20443
1654 1318 28267
237 1647 65350
508 1065 69625
1347 1485 51639
2254 1077 48720
982 1837 69953
1608 2057 6697
1891 1224 76803
1083 2243 39788
2064 52 37570
406 1377 98014
1534 228 16039
2469 42 57794
1160 31 2997
1664 2149 33776
205 910 98960
100 663 50350
423 127 77339
2115 2388 68331
509 840 42134
1901 1228 13697
320 1393 85255
1078 1670 22078
1847 22 84129
1866 1140 9882
763 2260 5115
2337 2164 29013
2198 1740 37046
1160 1358 72794
2441 44 1874
1306 1882 85724
203 2106 51884
1821 349 23886
1906 2283 15620
838 850 48849
633 1897 28012
13 608 95784
1529 360 96391
1395 102 68460
2310 1957 97364
361 2412 7718
555 1871 55577
2161 1060 21753
623 346 45068
1252 554 60447
1813 228 54362
2158 1312 62308
861 1143 12253
2076 161 41768
746 1147 69888
488 1429 48632
835 98 78450
1323 1972 99460
1732 361 7197
2101 1899 89335
1077 230 76454
812 1941 51400
411 640 86625
2447 1921 92276
1615 542 81819
1394 1125 5046
463 1730 59585
83 2227 8157
1603 2499 9125
1354 2249 74059
1263 1700 32523
317 30 98071
504 53 10761
815 1226 98155
349 1882 34421
699 2065 62635
2249 1602 46064
80 2225 68584
338 2173 11101
584 2498 56150
1050 102 35626
57 1605 65721
1904 2234 79250
53 1193 9359
1384 1365 14185
2400 1985 27526
484 1175 58470
678 452 53605
1406 2251 708
2174 240 29836
1499 1056 95631
1068 1498 58899
868 305 88564
313 2240 68394
1094 11 74284
1162 2316 67613
2058 1806 41046
2274 2029 92857
840 1272 11594
1930 621 6171
1647 700 51509
1709 1491 51666
1204 1774 14383
2112 1404 64337
1531 1597 33601
546 802 66687
1372 2063 39205
1487 2096 37629
1863 1208 2843
146 51 63154
1744 748 85544
1128 890 96222
1939 2188 67228
762 1559 12376
588 1708 81787
1468 1653 26451
1206 1639 15808
1898 2127 39984
652 1490 33605
2269 614 93534
1234 2173 48321
2396 1093 39575
1580 2092 53858
2105 2474 64857
1432 905 69322
387 2301 96341
1511 233 59726
2035 1159 26891
2409 89 2776
236 141 33651
1188 2387 83290
1930 560 77119
1590 1275 7781
220 1778 38335
283 2343 44730
1844 258 80907
1447 1615 90949
2098 1131 55922
75 731 7978
2270 314 67720
2181 251 94342
2442 1285 34719
599 1096 27397
2393 1433 46026
1397 404 19582
1068 2324 36699
870 673 39378
1661 1802 26711
1962 40 95773
686 2220 47984
1623 163 63516
2487 869 96665
837 595 91815
582 1948 93651
862 1933 15955
1953 891 90991
1928 2032 42479
1225 856 92208
2362 968 52615
2314 1396 39731
699 1820 71629
1331 311 71459
23 2352 97064
1423 912 35072
961 97 94671
2092 2466 29873
890 1066 12445
162 719 34010
742 174 38101
2121 2021 21102
1954 795 78819
1502 2285 51264
1953 1236 86261
997 2052 62675
1906 1271 79052
1862 1227 98429
1283 1266 63334
151 1769 61814
896 202 55591
706 746 23512
1492 2430 82577
246 1841 83874
2167 1123 63690
608 1658 44132
1941 1115 34327
628 595 71805
2246 1742 82423
1210 421 69813
1922 2193 89770
2497 1467 32197
728 2356 36059
533 2427 16607
2101 1705 69953
1864 897 6671
2230 928 18110
2183 2005 71782
347 811 40405
1972 1516 37914
1520 1844 38125
315 2056 72629
704 1223 10995
790 394 41808
1235 1347 89202
190 2039 90148
1391 1043 84332
579 1704 19102
1314 163 76854
1640 1146 96932
2083 2407 44598
856 213 15645
401 2408 13289
1113 1851 89901
778 1319 66996
1343 254 16831
1898 2447 98502
1387 2099 53265
2144 435 36038
1244 2194 42698
1179 2428 18554
1422 1997 17059
1855 371 82917
2489 2079 22428
1613 1539 94910
364 1603 78447
2342 1653 47043
99 2469 518
1409 2332 80061
2137 1397 52825
2364 926 2701
209 698 72675
43 1070 47038
1367 1917 3699
1688 1635 83250
1728 572 97006
1100 527 75973
622 913 90868
1808 2115 40362
1626 2035 82530
2336 135 23406
709 1803 10462
234 163 62141
2137 995 57167
831 338 37598
1248 1750 83678
172 1279 65025
843 829 5034
2291 205 59535
1002 1300 99540
1240 1479 25539
2129 45 3566
2336 193 54781
96 1601 75719
1496 2287 72297
1481 1290 5479
164 227 75406
1900 1199 8255
1327 2334 43611
2232 1302 70956
2185 614 9978
2026 301 41159
2327 2213 32759
2437 1659 70996
2284 1378 28204
295 1305 39002
74 2188 90008
165 1312 26389
2032 2372 7495
438 1252 41453
316 188 10039
1886 2408 42571
1580 661 65466
989 440 47466
1666 1543 72032
1140 1208 47227
1500 2468 47772
616 808 61198
1938 213 22402
643 2328 60251
1005 2210 21360
351 2002 60540
261 1150 76777
1749 415 52288
1021 1088 78342
1207 314 28855
57 948 40721
823 271 2304
1314 1727 71710
1488 135 8684
1097 2118 83066
42 876 16473
425 2189 49619
330 1717 22944
674 2107 21426
1475 303 52885
2424 2415 35426
1442 1715 92943
1704 1244 12267
2006 99 72507
1533 2461 82774
126 1223 43622
5 1344 61386
564 979 44453
1325 570 16479
1930 1541 44768
290 265 22640
1664 2012 55996
2322 2060 76798
991 2140 23841
825 1704 42143
1232 2476 43345
523 1501 20639
162 630 54585
2307 1019 5880
2411 577 83603
2277 2462 96871
2023 658 13820
2410 1606 3409
2204 2465 67983
940 2361 97007
570 2488 17083
1158 2151 14532
371 1223 88152
388 1366 67262
870 866 16719
2453 1679 47387
2264 1754 36381
2487 2065 15457
156 882 53195
1583 96 95831
1413 462 833
1092 1340 27788
371 1700 42224
1205 888 37583
1247 2453 71302
610 1895 51691
1816 2103 16115
1733 347 53741
334 2083 77563
1324 468 17345
1480 1777 12862
1852 2498 9898
2369 633 96315
279 665 16098
1200 2082 66453
1500 274 72860
2143 155 46410
48 476 96712
2428 537 29984
2271 1475 29841
1618 585 49494
2101 1359 69260
945 2347 69778
772 7 65615
396 879 52345
1710 1673 83983
157 2273 65816
1130 1874 58454
801 439 63873
1329 853 42513
1388 126 16272
1434 485 78317
339 956 16297
2261 1149 23404
256 1291 65666
1240 1669 89904
2031 35 88660
102 2214 59157
1390 1718 75371
1801 449 37138
1264 2347 84162
1919 2192 44830
338 1651 44599
214 264 19267
279 862 45395
649 1292 33831
1783 2360 18658
1009 1476 8596
1504 1986 40787
1504 2324 38090
1843 1934 19208
2213 1302 7522
496 1007 45171
1595 1161 56574
1952 267 66439
173 1954 73860
1101 313 4049
147 509 48722
2410 1051 2622
288 2422 67053
276 345 12457
1923 94 2941
1035 1292 16098
2377 80 35392
450 2299 1657
2333 2489 78757
1260 1247 38147
1131 1441 69013
1736 1611 86648
2367 17 71950
1941 1291 49527
1400 168 10637
465 2140 18769
2373 2045 41482
1244 983 18030
1393 644 91694
1488 1470 15408
2433 1082 81611
2484 927 25247
1701 2479 97377
1380 109 47106
557 1240 46487
1458 1911 42975
1661 1459 98598
2377 1401 76644
687 947 93679
277 1032 52809
349 508 21672
1884 1453 99818
1068 129 28704
1596 1516 33466
537 2264 92020
1149 685 1789
2000 1386 87439
727 2382 70511
2310 1279 3345
1062 1394 76560
390 1390 32977
1782 2483 667
1680 2224 39200
1083 257 37548
1931 2191 48362
1603 2203 91762
1614 840 97256
1515 507 49940
908 674 42582
1389 1832 88305
1530 2078 92754
21 1004 26521
77 1821 59356
523 2220 41331
1034 20 41204
249 27 6150
1301 1652 95817
2301 136 19873
1327 1949 1712
1496 1013 16982
104 1798 19948
1249 451 14265
1277 1713 99317
2214 1616 74914
949 1803 71204
638 1175 70231
1317 1941 48585
988 97 93958
422 164 63448
2383 720 48095
2024 962 12666
2322 658 68365
719 2474 18199
1072 634 98759
226 1644 14967
339 1418 64480
848 112 12666
2173 29 75965
251 680 16771
1274 123 10858
772 1319 39474
2000 462 69655
653 63 52671
549 682 77237
1945 1586 63674
1004 1529 92418
1495 668 40913
1886 1645 71373
876 1575 13235
169 1793 62560
1788 2118 86806
2312 18 26112
2446 725 87700
2373 283 23493
799 2420 12537
2117 1908 6183
2142 1715 60941
1012 426 34076
2276 1937 95323
1276 737 93795
549 490 74991
2479 1193 41797
260 1931 99801
1888 1923 51430
47 53 47771
1974 1565 63742
24 2208 87744
472 421 64776
1429 659 39403
457 747 54441
351 177 52554
325 344 46022
977 2434 40264
1835 245 87007
1001 1592 9848
1275 1742 82628
236 2495 57550
2190 2182 1833
1020 1218 64394
1280 1121 77120
1017 1214 72017
2052 1794 50237
1470 56 81056
585 2470 40964
1855 540 13926
939 236 96605
124 1746 79353
886 2386 79773
1686 1585 44912
2115 508 8547
109 1756 62967
1089 2113 67237
239 934 18136
809 799 76856
1028 873 42012
342 2062 27132
40 489 65884
326 2158 47058
1977 707 36110
1181 85 29774
1368 90 3770
240 519 26433
406 1747 33713
543 112 17698
471 1737 98660
392 968 46949
564 53 32373
2002 1660 74747
1448 2451 2466
2488 145 26944
1859 1219 89306
1532 51 78275
528 2098 9447
1841 1120 36779
1397 1024 2972
40 2440 75611
2257 312 49071
1823 1462 10515
459 913 76994
190 1868 48760
751 968 35678
310 820 64708
661 1123 88332
336 1737 34973
497 1653 46898
278 972 23193
1288 763 40005
2085 1010 22884
1246 2078 57180
2351 717 1326
1621 1185 97972
1597 1907 2023
723 1925 37361
1921 1081 25329
707 2114 74193
1195 1640 77676
2025 1582 15698
658 1929 1490
977 1057 86237
233 2303 7118
375 1634 83950
2203 2144 60593
901 503 46693
1427 1834 65907
1494 1572 29705
2178 1058 94686
569 266 68365
321 2149 75
1970 2360 75926
394 378 42532
2136 112 61622
101 543 87694
2204 913 30308
1660 324 59665
978 1286 62493
155 596 94516
225 2099 56132
1866 2487 32372
1868 532 90975
1239 602 42605
1181 1153 20520
2138 642 42914
1499 658 50704
1024 436 21719
255 2163 39299
2066 2298 12867
752 2465 74659
526 2208 40340
1090 2371 4031
1366 448 53937
2151 2144 72469
813 1796 72452
2487 29 21943
590 1750 46972
2425 392 85232
1087 1217 60803
853 2086 96524
1863 1914 8052
1430 1175 13918
778 2370 48267
1938 207 21626
1646 171 46793
90 552 1012
2305 548 62377
1356 436 97923
1798 114 14204
1705 1953 85220
727 2058 74850
132 136 62542
2130 536 5051
1501 2190 31953
868 1906 34089
744 1267 82196
2342 1192 96696
686 2007 92429
1293 1055 8957
2368 1992 10214
2250 49 49225
2134 112 83085
949 1103 43972
237 1662 60132
903 2228 29622
96 532 11751
348 1994 10974
935 2248 75397
1538 683 3709
1324 1619 31585
550 293 39770
752 1886 71522
940 764 90837
663 483 85771
1055 631 68943
1083 1452 28805
797 2212 86508
1834 1617 34558
126 1959 49079
1435 1422 97457
247 1130 97181
62 1858 3592
305 2063 21129
930 1745 54025
762 468 47832
1207 1569 79205
1200 1516 98108
1786 680 51549
1554 2153 94413
1703 678 40282
2396 604 49903
812 871 87450
1379 2010 85092
1492 1980 37718
624 161 72552
2098 229 74289
1594 2388 30855
2352 658 63295
1239 2053 10736
572 2483 99646
1865 1604 64019
1780 661 25473
1874 35 5965
1779 173 80079
927 262 33654
2334 902 88360
1238 69 48466
2223 2268 61005
1927 657 50835
473 1948 64568
2018 256 46164
2212 2112 23407
1583 1241 52246
814 109 11105
7 951 49127
467 1653 26576
700 901 91701
740 1246 5198
2061 1881 27803
2316 2485 93836
464 1122 33481
1546 2465 44391
2136 509 56803
387 2463 79343
2140 2402 65941
294 1285 85209
2251 2193 71055
133 972 42046
1671 379 32370
1113 173 60362
950 2019 90952
1176 632 73067
370 1955 65625
1040 539 65163
1182 1408 11858
177 1481 48166
1956 1130 54537
1795 2067 18426
2138 119 15931
268 1761 95649
1300 1608 5831
326 1699 69435
1149 2118 79709
197 338 91257
2102 2305 15637
1177 1836 10340
1764 1976 46279
1375 2499 31171
1762 1321 21953
1696 1694 14228
2026 1971 62937
983 2268 98612
2222 536 87703
156 1074 63027
1280 887 26951
886 658 75799
543 93 39259
991 1857 27812
2112 1515 95720
2414 1583 38644
954 2297 15782
299 1887 23293
669 2133 56739
1632 828 96018
1093 533 35192
2201 1142 13398
1663 342 9817
2097 2234 6955
1342 471 31154
458 1444 55350
353 156 19603
812 118 90744
116 1609 68322
451 2115 27961
1411 1158 60551
2450 356 36136
1853 341 9806
1684 1724 54448
198 858 4464
90 2156 1237
396 612 16793
699 1520 19210
69 155 6755
1919 2258 84600
1344 1061 74906
1682 324 28129
1861 1202 1277
130 2321 5302
39 1408 78240
914 210 17413
505 801 33778
2402 1414 97526
978 804 28480
1294 2357 10102
333 1283 76151
1154 477 1375
518 644 69068
1840 2018 37754
36 1502 29210
1510 1421 66032
64 1530 4831
1168 1809 29319
773 532 54548
686 440 62781
868 854 89162
1760 658 78815
1584 2308 24743
2201 1340 87301
1324 634 61416
20 2297 47942
2396 2343 71009
404 118 56526
2272 817 63370
949 1773 2513
1929 1704 56170
738 1617 88677
388 2470 88844
1069 1155 22812
616 1866 37346
1930 1894 74242
1389 2447 8647
2462 685 94924
1826 207 65817
173 1492 73080
650 1311 14282
543 113 42552
495 12 66284
831 1437 53424
653 1866 78724
933 982 67984
1606 637 55811
2449 1471 48056
1953 2324 85183
852 926 15874
1921 1700 69784
894 399 40968
2272 924 67115
1255 1539 92692
1768 2300 57693
1552 2299 37560
2397 1895 28170
103 1430 72538
2436 2182 72960
672 1865 39961
1739 511 96340
131 961 59671
2396 1086 9419
2247 474 5014
1110 2437 74855
456 1211 60809
1936 2205 16735
2450 1005 44064
68 224 31023
2263 1048 92130
1350 933 16038
487 862 41356
1394 2379 8712
1216 202 38963
1257 2384 57907
890 1765 48063
936 108 61953
2327 569 57757
1946 53 26319
306 1804 29672
1337 1836 52905
1237 1495 88068
1189 1435 32290
1479 1502 56604
2154 1293 86267
2099 627 15590
298 2434 27870
857 1898 81810
1334 1801 22351
2 444 85125
1586 1023 51246
255 184 56060
768 2201 36690
1079 341 87426
1155 433 77881
501 1422 88729
1665 170 21517
1562 1691 90331
304 411 60609
2074 617 4580
1935 18 84772
1655 1744 33750
1161 2285 80151
2281 1780 49569
28 1916 50259
2156 1870 1059
1300 450 11922
939 1839 34601
927 174 20997
374 1706 13831
1176 1052 13142
1417 2405 76236
1489 85 44303
1380 1625 1844
2070 2171 48834
535 1759 71664
819 2289 94323
1770 2313 59205
1113 2130 90446
989 1290 7495
1556 363 23047
1725 721 83975
304 1092 91003
1795 1670 14952
745 1500 46947
342 1413 73927
1758 1633 38921
774 2369 51372
2435 933 66848
2310 2320 35548
1823 1038 19105
1395 2176 80273
2461 68 29886
2238 445 42005
333 2056 24909
474 1254 87725
675 1881 60564
1077 1886 20069
1997 583 71928
1070 74 16175
1162 963 24648
1769 1289 61672
1179 2165 66300
12 1549 28498
307 79 62114
88 1508 94210
1203 2288 88383
363 840 18755
684 1128 56336
691 2272 63819
1265 1408 36168
48 1014 58441
1875 1734 92932
299 1702 52275
2293 1657 76414
937 326 47051
1533 1392 7041
1515 797 36762
2257 1245 37351
397 2033 74503
2031 1769 59603
1860 1961 12394
1180 2189 35852
941 1462 43684
222 1482 17138
2306 2351 9686
1616 1821 37209
77 1007 5339
442 2327 42202
1532 729 32628
1279 1895 9673
1691 1767 34912
1784 590 5612
634 1703 40928
839 167 96391
1137 2431 52896
1247 1761 77712
1233 398 53928
1464 727 57554
2105 574 27716
2005 282 42573
1301 672 43473
1658 481 18829
1643 975 33401
2212 100 6891
2257 1909 23360
2200 904 76434
1222 510 89198
1694 1451 32092
590 2085 17789
191 1592 14329
365 959 98783
759 1960 25137
973 157 88776
1195 2033 63218
1946 1470 16991
1263 1138 15094
762 541 13091
1933 1221 10337
1792 599 80489
346 1714 63818
984 1305 83828
495 2351 47875
34 2131 81494
1371 992 46822
1806 1188 11637
2280 2141 11033
1092 1125 19202
1469 2138 32815
1884 689 11495
977 1209 89045
1279 1298 85481
1963 1494 81043
2171 958 56202
1095 1087 94974
976 1383 51545
1641 2131 52693
1460 470 2920
1843 1742 82635
1107 2336 44422
262 505 94969
1318 483 91082
2065 244 53204
140 360 32069
1490 1229 26591
1795 463 61332
809 603 30546
719 720 46536
2294 1414 40515
349 2415 52290
2431 191 95609
197 1005 20429
2137 1830 14012
1912 947 25490
87 2315 58407
507 611 65529
122 480 35295
2098 2469 26548
1160 1349 56754
56 877 93051
2237 1079 8097
1591 317 93537
1655 1398 20396
1640 549 69079
398 205 79217
1678 208 42804
707 825 85227
223 701 81905
2428 775 47696
337 90 86747
1001 2020 31614
1412 1915 11292
1439 1924 98766
465 2176 64352
1102 527 90746
1055 313 5020
269 272 73860
1583 468 11083
1335 151 59528
965 1757 33341
1843 2433 90645
683 472 13067
2361 1601 34195
2015 2467 25836
741 10 24132
1560 1976 88788
495 1843 39547
479 1135 76298
1794 1794 80123
1231 638 4021
344 716 49631
1500 804 8934
1965 1402 3425
557 2411 73872
1695 1275 40103
1616 1762 70532
1864 1765 75720
751 991 28770
1473 2228 94506
1336 1445 49526
2441 2012 49284
1114 2312 72467
633 1759 58578
272 2060 11759
2428 1919 15230
120 1007 12675
1601 261 59673
172 1629 79789
1049 1433 83568
1039 2126 62400
644 1827 30721
2348 244 5356
2283 383 41262
1871 1571 52774
1986 844 76121
1540 2485 87086
758 1322 586
74 2300 50473
1981 749 52400
357 974 24928
1977 363 83673
1252 519 84632
1487 1436 43790
1291 758 63980
1639 242 10788
1807 376 87976
1945 818 50385
1140 1956 97482
1641 1271 36293
1290 128 85748
2010 1317 93265
2198 2127 10918
694 390 15373
119 917 8321
2031 874 4015
1340 785 20764
1324 188 57444
903 268 35093
67 79 6145
2486 1193 21916
219 1338 36188
1289 1270 16623
780 1812 85588
2461 1416 72588
1848 758 19284
1902 640 63193
985 1427 73716
2336 2215 60762
2252 1516 17096
1083 732 54537
947 653 42357
743 2192 66693
170 1359 46966
396 2226 74905
496 1242 87869
61 2016 75313
2117 455 1800
1057 845 59886
1480 327 45662
311 1721 47907
2451 1643 24110
720 2313 20880
1790 2019 46173
1330 858 3025
2324 516 99821
558 875 25488
333 911 18171
1744 2037 90982
724 392 9100
1278 1833 56573
617 1584 50085
434 2481 50792
876 1255 16444
985 862 59999
203 761 65796
1667 746 35935
1985 1835 45394
865 167 25718
1064 1967 89978
2337 1047 75793
520 1121 52432
764 1001 86583
1576 322 12913
1719 735 22047
593 2494 57712
2429 2376 8446
555 498 1121
999 499 60109
602 468 62291
49 624 71271
1850 256 25607
1761 452 90062
987 810 7231
2376 1978 99813
772 1873 23399
343 1783 38952
1298 1258 52676
1921 1894 79451
1506 1184 6809
1619 169 83908
1924 630 27604
764 668 98479
690 187 7416
1663 2114 17668
2270 640 60111
2255 2364 56487
1941 2044 19477
735 174 63768
1320 2272 45768
1509 1446 54848
1627 77 24856
1322 1834 35145
465 1669 50954
1178 1655 35782
1768 2389 57636
939 2050 70927
881 776 28087
541 1290 47592
1447 1087 62454
409 2144 79442
647 1522 60084
1132 2305 61113
2266 153 90103
2296 330 99751
390 299 53120
1943 2125 56664
1348 1206 86753
2054 608 38494
138 1601 76742
2246 1836 30835
1344 1029 22313
1703 2483 80789
1155 2188 43392
258 1128 92346
638 1814 93909
1201 1324 45348
1699 1118 37583
1286 1700 40980
1665 2171 9366
371 795 7359
1020 1915 16201
2002 584 33835
2327 2161 71743
2403 1989 68840
188 2190 32885
1712 764 47442
680 1017 83319
1823 1245 11333
2210 401 56902
1241 962 11866
1219 1145 84272
93 431 32027
69 2029 56225
1582 2316 71685
1255 1551 82551
250 1164 24025
1336 604 94277
193 998 76616
988 2452 67661
2349 1297 20991
201 1150 61044
94 2383 68722
133 323 77095
2093 1771 47923
1685 1670 53235
2033 2282 32936
1044 502 74727
1013 1082 66526
1855 2399 70635
758 1521 27277
1734 1587 41702
982 1606 73786
2217 1954 39924
1256 1588 40654
1137 124 8846
1703 1657 21612
2320 573 83045
1679 787 79987
2276 258 25356
1046 1559 70728
1629 1240 81376
1145 1254 77353
2398 1436 79273
1712 1550 17298
236 1333 56958
2466 2480 19747
206 348 55605
2462 802 55149
1661 210 89298
371 1372 49078
1578 46 36770
2463 642 81357
982 1884 31486
264 866 67720
536 2462 72123
2266 8 22719
650 46 6647
1217 236 73482
311 1 61482
1150 408 16623
733 1810 54952
1863 2217 80197
454 1779 57039
1127 1729 89963
1776 1514 12593
2358 1818 91907
358 936 43757
398 580 29848
310 187 91290
1160 1556 58578
285 1062 75810
1283 1508 70576
624 1884 98430
1265 2148 79003
951 2372 38265
527 924 73140
790 808 63155
2052 1945 76578
1566 228 66373
2005 600 24728
2084 10 81403
566 1013 24956
1563 2260 15488
1625 378 20496
1317 44 99536
2010 93 24038
1683 1201 49153
2212 645 52125
1477 744 27093
592 1511 14267
1399 2144 10979
2177 268 44648
1923 494 97127
1261 1029 48567
613 294 43141
2455 1362 97266
2409 2338 24834
729 600 83324
2021 159 9150
2352 1545 91771
134 1221 36866
500 405 37362
1188 2257 2109
28 899 62280
841 731 80079
2314 2221 84264
1295 734 93045
75 453 57600
612 1288 51367
1043 1182 91004
1558 1266 84348
1030 1710 81238
2485 1968 72304
2385 2126 26088
1929 1924 32025
2266 1688 20803
169 861 76091
1093 1596 84896
1335 602 96360
867 1047 82717
797 220 70615
655 1104 73949
1924 2068 42848
2453 2069 79807
1832 547 43678
1525 2466 32353
1942 1995 84238
453 328 32944
945 935 17211
2220 36 17147
2317 2235 29259
1735 500 34235
926 1576 93670
545 884 13832
1337 325 64571
1356 1860 82771
1077 2213 99649
528 724 30906
1777 897 54823
1049 2195 65402
1485 1003 52762
1717 1968 55548
1664 1293 74114
545 792 53716
1589 96 33150
85 752 16512
990 1696 72103
2341 1659 37803
1110 1965 71291
1420 138 8018
1409 729 68728
123 228 36194
1260 267 71231
1416 1076 44651
209 394 29420
5 12 51275
2268 80 76645
1255 643 49798
688 1807 1255
311 407 4122
1622 2321 72866
2347 1776 40482
1804 1690 7340
1015 1338 71544
1322 1550 7546
953 43 33676
2121 1552 21915
1028 194 62588
298 19 54503
2393 1009 22158
2026 2244 2749
1333 2321 8223
36 862 50899
1293 2014 66054
1141 1129 67571
555 528 59278
2110 1857 57661
713 1079 40806
160 1722 62818
1298 2124 63062
1509 1361 34179
31 719 31421
1733 107 45798
1118 1322 98153
1957 1544 8775
848 552 24393
799 1822 80924
2291 1986 47517
1238 137 3472
1606 716 83566
2125 950 53621
746 2284 14751
263 168 88447
1384 1360 92516
515 1512 13880
1775 1028 69868
1059 2315 70073
1680 999 2174
2158 263 78808
792 1391 29783
2030 487 32281
625 1673 56249
1391 1555 21097
1293 525 4097
1331 1292 35838
2219 1647 33948
2352 2299 5414
1978 514 40249
173 1296 46455
256 230 70096
2445 1435 64634
2004 529 19881
774 2367 7229
1481 21 75042
601 1589 59949
1768 2279 24626
1423 481 4388
1964 2407 80175
1899 91 99613
623 1880 59171
946 683 93011
2225 859 56842
1288 1517 57878
1976 1326 67496
1543 2064 63890
2279 2264 5158
899 2191 97961
1054 80 69757
786 1718 57061
1859 1404 82793
1045 2071 5750
1632 104 52657
2169 945 57313
1175 1071 98627
2464 1977 51889
393 543 83894
884 2205 79091
775 383 10384
1959 1241 10307
1315 389 9959
1570 1663 26911
1961 123 76135
54 2392 88128
1762 1407 78712
2290 1244 50703
638 1234 30022
193 2061 45576
169 572 42897
171 2299 91865
697 503 75111
634 606 78179
1324 1433 4375
2496 1566 74306
2157 845 42104
6 2185 33082
1531 1506 87798
1358 2169 4942
914 793 56470
282 2436 86131
2131 1959 39943
1460 1477 70766
2450 1693 3059
1450 458 11843
2275 1399 51097
386 429 91104
2243 2286 66411
428 285 40045
828 1674 71673
411 2209 56924
2238 2371 56608
2314 391 40717
1697 210 86095
202 1305 10365
2432 2162 14477
464 722 15924
1956 2244 31794
729 89 59258
18 2086 19101
503 629 31252
714 2478 21229
2367 86 11559
917 2079 1840
658 631 86961
1347 1915 9114
912 1494 8553
2010 1080 58986
2395 1421 59470
405 1476 92883
1286 1875 95430
2238 990 34402
115 2265 55604
741 2209 5412
1170 1911 77187
1442 2455 54080
587 875 76838
2314 116 36303
2022 1856 35324
1550 1658 34899
1164 1722 73362
1741 866 83297
109 877 31594
2419 2389 9708
1947 1209 41986
1656 1272 43111
929 1518 84073
317 2032 26636
1028 844 65829
1190 1123 48810
1296 1218 26054
1444 1163 72512
1250 2414 84925
1190 403 71548
2369 1865 6249
2031 1244 10448
1927 538 45540
419 149 96266
970 494 69033
1974 379 91387
84 1178 25074
426 821 44190
2171 493 71024
2012 1626 37028
2262 706 17225
1070 2068 42405
817 1117 83199
2125 814 46332
405 2399 3138
961 896 53483
966 1267 16286
679 748 31208
628 632 34269
565 23 63696
791 1091 7124
177 1514 58023
368 289 46492
1561 923 5530
1756 1648 38031
1583 55 91215
665 695 25139
527 117 22870
300 1446 36365
1251 751 44614
487 1971 6527
78 1300 2313
710 1891 59913
16 521 65480
1119 930 80559
858 2076 71987
769 1936 10935
287 1598 74658
644 1306 24521
1162 2010 63324
2350 2120 24814
953 1735 63676
611 745 27209
243 2036 60675
1953 1838 17515
57 266 6409
851 163 16071
1433 367 69905
2468 2327 44100
855 78 74694
645 1912 69748
1505 1804 54084
1124 1290 62067
1957 1544 36720
2299 252 77955
1835 803 87459
2245 1838 78919
604 1869 57731
984 1650 89426
1255 1585 12206
765 2393 72573
2030 2326 64223
1172 2461 424
1581 870 1611
14 433 49031
531 192 63670
1486 1572 46629
1407 1862 41402
774 1842 50134
616 1034 90685
2381 1340 98581
356 2071 35661
1198 1369 2284
977 2340 55748
461 1515 59556
1899 2420 55084
167 878 15283
83 1473 77173
1470 1448 36438
911 1738 76169
1497 425 97229
407 1589 32812
263 1393 11798
109 1755 91142
310 1530 87879
1824 318 49141
1108 1468 53543
1956 735 27638
1541 388 62512
749 1984 36104
1998 2151 44455
171 1689 71533
2107 1709 66591
2013 2008 78670
1721 1629 82969
1232 515 83708
779 1918 87455
1184 83 3316
2182 1070 97729
2052 669 28763
1125 232 20774
2129 1023 11854
1896 33 11605
2165 1593 42580
1550 1806 57087
832 290 75488
506 2159 55534
1789 1124 29028
1097 166 44160
90 2249 19388
2055 1418 46404
2003 1460 14799
370 809 85980
441 2205 36823
636 598 86512
1320 1733 39095
2033 1675 85140
1867 932 29394
954 2311 17388
1387 1140 4812
1516 1068 54305
1548 145 54836
555 887 11636
1793 343 75102
1547 412 11410
1732 63 69329
978 105 69937
1015 137 4352
572 2118 88867
237 1425 49015
2091 1604 94887
2354 1941 99894
1077 307 55473
1 2396 45511
1816 876 45534
2245 945 69489
2380 2214 65780
1395 355 67160
892 610 606
953 1031 48379
258 654 60472
1537 1145 43868
1572 541 80675
998 758 24882
1040 773 22315
2120 315 59606
1752 939 92618
490 230 91352
2065 617 67865
814 1223 14650
1289 2305 82857
528 973 37018
762 1378 5917
269 1571 81307
30 1503 47776
1318 1348 67134
1093 1433 82011
2375 1189 51384
38 982 77141
1690 1679 40565
266 1953 53535
2157 285 63016
1343 1582 8158
208 1661 96667
1707 1208 46046
1542 1879 16581
1730 1823 71723
2341 652 6121
1360 2457 84080
790 1958 94949
1975 1969 65396
1155 1057 93106
1992 1165 54433
1433 1053 82520
1515 221 38851
2069 1846 58044
1794 196 15311
2209 1242 73788
1095 850 73504
1121 2352 45665
1821 1392 40339
1469 1746 70581
1769 1999 38879
729 2084 37179
496 951 6446
826 1573 27281
2023 2050 15577
1279 1599 78023
394 2251 45001
2086 997 36112
2434 893 65843
2327 2213 63505
2053 2169 20323
2198 477 10188
658 2210 64450
2307 1361 30591
1631 746 22913
1116 338 66353
715 435 69625
858 1321 52282
1411 1370 64197
2039 507 38271
264 1696 15414
2339 1446 66301
937 1657 55442
96 318 11331
1657 432 82562
988 1373 85517
1878 1146 9583
347 258 28447
1411 1465 89790
1416 1595 69219
2099 2070 66443
1179 544 8047
1035 1042 43315
